0.000447748392604308
0.00254237210170391
0.00707475837748529
0.0136022064406478
0.0212479940627951
0.0293021154847293
0.0372040850920502
0.044526123416662
0.0509568606388738
0.0562856918343042
0.0603879094852273
0.063210724328126
0.0647602672333554
0.0650896440423749
0.0642880934099434
0.0624712757706919
0.0597727004182958
0.056336278006135
0.0523099680339505
0.0478404754066677
0.0430689371380183
0.038127529808468
0.0331369204651451
0.0282044781845368
0.0234231603591319
0.0188709867231494
0.0146110149733835
0.010691734321545
0.0071477971763177
0.00400101413722042
0.00126154333467327
-0.00107078837016319
-0.00300508793107945
-0.00455797093489337
-0.00575215012497866
-0.00661507211205663
-0.00717763007850892
-0.00747297399124765
-0.00753543401613717
-0.00739956753643116
-0.0070993354601342
-0.00666740937915218
-0.00613460762229001
-0.00552945531574855
-0.0048778612076279
-0.00420290219587147
-0.00352470518300517
-0.00286041502101795
-0.00222423685691672
-0.00162754109275587
-0.00107901938144908
-0.000584880540176898
-0.000149075927168789
0.0002264553518567
0.00054153010785518
0.0007974612968029
0.000996801461393772
0.00114309498416725
0.00124064371892906
0.00129428957804976
0.0013092167236355
0.0012907751543009
0.00124432670616156
0.00117511380304684
0.0010881507000459
0.000988136466852063
0.000879388551143048
0.000765795443674273
0.000650786730557198
0.000537318657837866
0.000427873241613583
0.000324468925604661
0.000228680809127976
0.000141668533552393
6.4210016468158e-05
-3.26064777855307e-06
-6.06126521301775e-05
-0.000107976671701997
-0.000145702982859055
-0.000174320524062488
-0.000194497742047542
-0.00020700589854507
-0.000212685353259901
-0.000212415190676654
-0.000207086423336805
-0.000197578883788057
-0.000184741812181442
-0.000169378056743177
-0.000152231729927632
-0.000133979103470913
-0.000115222480035204
-9.64867466646825e-05
-7.82182947020426e-05
-6.078598086581e-05
-4.44838035225322e-05
-2.95349754413142e-05
-1.60970881402493e-05
-4.26808201760799e-06
5.90724043420867e-06
1.44303950586455e-05
2.13422990395547e-05
2.67164367313767e-05
3.06522598219073e-05
3.32689452250936e-05
3.469960720626e-05
3.50860350262826e-05
3.45740042098801e-05
3.33091886501725e-05
3.1433682318215e-05
2.90831234308638e-05
2.63844005493355e-05
2.34539091787106e-05
2.03963189087506e-05
1.73038048310212e-05
1.42556927073325e-05
1.13184649483446e-05
8.54607367300023e-06
5.98050773639935e-06
3.65256241239057e-06
1.582763178929e-06
-2.1760143008647e-07
-1.74537886946361e-06
-3.00442003631076e-06
