-0.030606863513475
-0.0289910579324812
-0.0265529401881069
-0.0232912166435187
-0.0192229521956598
-0.0143842230141396
-0.00883039969218268
-0.00263603859179811
0.00410563372322847
0.0112836504158876
0.0187706480509282
0.0264246150792509
0.0340910277744926
0.0416053479113053
0.0487958483566267
0.0554867250298309
0.0615014465390277
0.0666662863757598
0.0708139769953466
0.0737874205579961
0.0754433876728648
0.0756561332706883
0.074320857806108
0.0713569424106191
0.0667108884084561
0.0603588947720003
0.0523090116051534
0.0426028135507099
0.0313165440430902
0.0185616894677758
0.00448495141674976
-0.0107324048030695
-0.0268758366113598
-0.0436994456200442
-0.0609285227762366
-0.0782626943285722
-0.0953796343815146
-0.111939298759741
-0.127588624412296
-0.141966628848569
-0.154709835309516
-0.165457941718021
-0.17385964508388
-0.179578528102621
-0.182298911299859
-0.181731572324024
-0.177619233941322
-0.169741723968202
-0.157920713787912
-0.142023947206379
-0.121968878144658
-0.0977256439457392
-0.0693193107683967
-0.0368313384983934
-0.000400224651162524
0.0397787003283615
0.0834543403607353
0.130321763572219
0.180024980391939
0.232160541430107
0.286281912774982
0.341904573007488
0.398511763681257
0.455560813479197
0.512489945947054
0.568725471810477
0.623689259571992
0.676806372497825
0.727512756351857
0.775262860393193
0.819537074269283
0.85984886551818
0.895751506416202
0.926844284811373
0.952778101274981
0.973260364258159
0.988059105801945
0.997006252535345
1
0.997006252535345
0.988059105801945
0.973260364258159
0.952778101274981
0.926844284811373
0.895751506416202
0.85984886551818
0.819537074269283
0.775262860393193
0.727512756351857
0.676806372497825
0.623689259571992
0.568725471810477
0.512489945947054
0.455560813479197
0.398511763681257
0.341904573007488
0.286281912774982
0.232160541430107
0.180024980391939
0.130321763572219
0.0834543403607353
0.0397787003283615
-0.000400224651162524
-0.0368313384983934
-0.0693193107683967
-0.0977256439457392
-0.121968878144658
-0.142023947206379
-0.157920713787912
-0.169741723968202
-0.177619233941322
-0.181731572324024
-0.182298911299859
-0.179578528102621
-0.17385964508388
-0.165457941718021
-0.154709835309516
-0.141966628848569
-0.127588624412296
-0.111939298759741
-0.0953796343815146
-0.0782626943285722
-0.0609285227762366
-0.0436994456200442
-0.0268758366113598
-0.0107324048030695
0.00448495141674976
0.0185616894677758
0.0313165440430902
0.0426028135507099
0.0523090116051534
0.0603588947720003
0.0667108884084561
0.0713569424106191
0.074320857806108
0.0756561332706883
0.0754433876728648
0.0737874205579961
0.0708139769953466
0.0666662863757598
0.0615014465390277
0.0554867250298309
0.0487958483566267
0.0416053479113053
0.0340910277744926
0.0264246150792509
0.0187706480509282
0.0112836504158876
0.00410563372322847
-0.00263603859179811
-0.00883039969218268
-0.0143842230141396
-0.0192229521956598
-0.0232912166435187
-0.0265529401881069
-0.0289910579324812
-0.030606863513475
