-1.06858075567938
-0.593589843187372
-0.14070653844806
0.298388973611725
0.732277738930035
1.15815839605095
1.56945278841953
1.957353154534
2.31611387483038
2.63657285536172
2.73324507531394
2.96646333395678
3.16947685321207
3.34560893605811
3.4874067320783
3.59461272045621
3.66950274702472
3.70325430873162
3.68024452305504
3.59854811424903
3.47134975486554
3.31933753168188
3.16878939791133
3.04065547305996
2.94178718397883
2.86466879182664
2.8379914286852
2.75136239390001
2.66282058450503
2.58897455903935
2.5455394799555
2.54573747583098
2.59649647644692
2.69502019607088
2.83252643772538
2.98957492903577
3.13601717235844
3.24489647739806
3.29611403331793
3.27968424228915
3.20270887453569
3.08283533451184
2.94373908578305
2.8404685197629
2.74321538896783
2.67465401119626
2.62800434988485
2.6001665439439
2.58737490134933
2.59151736662327
2.62941490595527
2.71238523882597
2.84679004364565
3.0483771285188
3.3258120259867
3.67639364793416
4.09684716696907
4.57598459266239
5.09027235876848
5.3249558553943
5.81975862635339
6.29733437783338
6.76829150837435
7.24357540858908
7.72475413867424
8.20568338781738
8.68149999189143
9.15438655885846
9.62011253239646
10.0561192496061
10.4336354014124
10.724604728042
10.899796156073
10.9465487335046
10.8801356174119
10.7255392282178
10.6426006503023
10.4055538470913
10.0967116658841
9.70804095153776
9.22667092724185
8.64544085627002
7.97265876396433
7.23700640491816
6.46537335180878
5.6713955495202
4.86317094667853
4.04883605556215
3.24234924205303
2.44690632441912
1.64733733591288
0.835275439414503
0.534101762517841
-0.332933712466307
-1.21378875617156
-2.08361225506906
-2.9232159526286
-3.71521842535741
-4.44423871070112
-5.09862132474077
-5.66755088435708
-6.14218208202756
-6.52122500601077
-6.81213207754294
-7.03097824085055
-7.19618955915929
-7.31192155150383
-7.36594521913396
-7.36589597373104
-7.31662570679094
-7.19506264307351
-7.01320780923822
-6.78030340460275
-6.49859979647825
-6.1626736282865
-5.76692080874601
-5.3107149383012
-4.79395360403422
-4.2203414251424
-3.59790332828332
-2.93511900010899
-2.24382134236931
-1.53268560730288
-0.809628143819775
-0.093547462669106
0.137139084297839
0.83899050389767
1.56346152791821
2.31331722304417
3.08510684208285
3.8713651443331
4.64959439070264
5.38778111696827
6.06192241330956
6.65654457997188
7.15953285412889
7.56525316547186
7.88027984729563
8.12594157656957
8.32921236871372
8.50963837381174
8.57895595634754
8.73493873690224
8.83126290285803
8.86534872295645
8.84381691057745
8.77594270540156
8.65878904286734
8.49230058523873
8.28901690565352
8.05744531278833
7.79841805703751
7.50339183888931
7.150627969053
6.72253774952061
6.21848669370771
5.64395982900629
5.00326524447141
4.7535911669373
4.03121576629228
3.25863959428738
2.43854089005756
1.56416553283961
0.624308437851522
-0.379101184569806
-1.42276414336869
-2.47439863010385
-3.50191480209514
-4.47899508890542
-5.38625511700893
-6.20278478774532
-6.91858073077057
-7.54387406847349
-8.0921900951949
-8.28991699092227
-8.78264459195999
-9.19534009702594
-9.50491778474176
-9.69074728167096
-9.73694423145361
-9.64069012717223
-9.41251990271479
-9.0669611204519
-8.6227762443359
-8.10354661171718
-7.53034747032649
-6.91770503827021
-6.26563448085171
-5.56713231438523
-4.82872895918814
-4.53008303877158
-3.72944435289776
-2.89343224571022
-2.04890332780926
-1.22547072487251
-0.444095550213545
0.296171937809247
1.00109958700234
1.66922025252249
2.30344090071317
2.91169383237498
3.49852131578751
4.06333761619464
4.59700968555874
5.08232120450245
5.50623098690206
5.86348686266397
5.95460604478333
6.2314731492067
6.46589435646808
6.66147354915581
6.82699506757842
6.96908500215321
7.07764755806689
7.13591418526596
7.13303877341145
7.05591800753348
6.89302128098386
6.64251225486338
6.30617191054058
5.89751985622165
5.44513771965394
4.97068153441393
4.77730549242132
4.27632312722528
3.73283950038908
3.15519730939412
2.56968770577034
2.00579535127148
1.49053332839762
1.03826799261002
0.64931102365552
0.324481247002024
0.0594277721245251
-0.161721142270563
-0.352032192100383
-0.514242882238734
-0.642905316833078
-0.729383167920814
-0.725955261385617
-0.733158901229171
-0.703141690120876
-0.655002628544608
-0.607720606810063
-0.570256689344338
-0.546749020060018
-0.53816341703051
-0.542078812171993
-0.562650026171346
-0.614468388357347
-0.717572274332893
-0.88768214017725
-1.12213998051536
-1.40144230529651
-1.70571872009086
-2.02128339182644
-2.17293355817666
-2.47658559132459
-2.76816406826647
-3.04476473596518
-3.29881939450923
-3.5327011963351
-3.76248906081455
-4.01224227601646
-4.30131240684823
-4.62628684798154
-4.97639149626196
-5.34244168460514
-5.70588150416796
-6.04957180681561
-6.36008163265212
-6.62520492775414
-6.68420818838182
-6.8917283571463
-7.0855406625519
-7.27529226643387
-7.46356525613154
-7.64529287548927
-7.81235831898854
-7.95463917691078
-8.05722808737291
-8.10718936267833
-8.09735596617796
-8.02866944278284
-7.91413002867609
-7.76937564747332
-7.60700501745557
-7.43229457479635
-7.23788679020246
-7.17873069437184
-6.94889609643024
-6.68641796512237
-6.39043226436455
-6.05643064279326
-5.68760730262785
-5.29217746234059
-4.87738336046319
-4.45091478761871
-4.01242842106221
-3.55996859406932
-3.09701001948196
-2.62583693626025
-2.15366882051111
-1.68939280716415
-1.23880199926151
-1.06461765417207
-0.668489032821641
-0.317775145096273
-0.00398082859854287
0.288041219267296
0.566225618745069
0.834571057278946
1.09770800102693
1.3603306017436
1.62117600445839
1.87090323616674
2.09813729622256
2.29133442761011
2.43787520751311
2.52979976507678
2.56663622813624
2.57554027866252
2.52400511418308
2.41065638910138
2.24383570106396
2.02008675666402
1.73499110992626
1.39524024964962
1.01312239266658
0.603065925323878
0.18024566362274
-0.243673539305239
-0.660739124942941
-1.0623683690453
-1.43909571242427
-1.7860433816914
-2.0999430383074
-2.37853839768732
-2.45355143986233
-2.71998925938548
-2.98292943140571
-3.24044586849554
-3.48111671367515
-3.68696651810084
-3.84029659279116
-3.93442357562009
-3.9797006862032
-3.99533740631045
-4.00484285998801
-4.02293799615367
-4.04676744001363
-4.06949048702793
-4.0797168501692
-4.05085655620822
-4.09075116384761
-3.91415879694195
-3.6284283866791
-3.25235627103435
-2.80158692643283
-2.27949790691762
-1.68940096763786
-1.03962290016491
-0.333771412530518
0.425833578602595
1.23649593345996
2.08751738134016
2.94456675476092
3.77127420122615
4.54445205774573
5.24146061973103
5.84904817397471
6.02445522815459
6.49622690843444
6.89923585945837
7.25335269501346
7.56928897495743
7.85337038292081
8.11169515221749
8.34283578991321
8.53102784613186
8.65247211122441
8.69640597353789
8.67217239051138
8.59674908243753
8.48747437739379
8.35450270760672
8.19517143098911
8.16326834616759
7.98481967351247
7.76276251695255
7.48872125829019
7.14844408652933
6.71574806031764
6.1685995054496
5.50114252530024
4.72239871858079
3.84955300308759
2.90469573993278
1.91941285412032
0.928062477999071
-0.0428822935473155
-0.976287419213324
-1.8677711385157
-2.16779862373189
-3.04233795366182
-3.92368247363451
-4.78667817167469
-5.60168069010768
-6.3432180437871
-6.99019759218768
-7.53449804109811
-7.97785931357014
-8.32603061745134
-8.58973740854185
-8.77577588936261
-8.88089420500741
-8.90380218541325
-8.84509345789109
-8.70070088565205
-8.47565313109197
-8.33696958207144
-8.05006635550491
-7.73744036418028
-7.40995786107383
-7.05632861412202
-6.65101402801261
-6.17814840900429
-5.62924845653157
-4.99977751341572
-4.30359416618736
-3.57170174547175
-2.83926988675266
-2.13358009332441
-1.46799821418138
-0.843044071364913
-0.250724918215678
-0.0444487927232639
0.522072703529027
1.06362068347408
1.5673178556497
2.01837130932297
2.40638385775019
2.73269746110729
3.01129769837711
3.26426576839145
3.50658605515098
3.74266034458817
3.98177550717372
4.23435507004966
4.49979421923553
4.76572959196289
5.0147160424791
5.23836857366978
5.30067717773115
5.49947975276501
5.70080872954924
5.9118524489998
6.12282767721739
6.32512507407089
6.51334237070819
6.67470603169358
6.79909845103252
6.88233017076457
6.92160775477398
6.91815526945408
6.86990818384015
6.76243632175277
6.57544603883063
6.29810895589836
6.12931376409484
5.73687431972545
5.30207358125523
4.85100929508311
4.40357876325149
3.96179980698672
3.51656535572499
3.06652724730157
2.62028899761279
2.18328465572302
1.76553170130666
1.39036518360601
1.07696222411658
0.83036438929471
0.648064552304393
0.528257890857832
0.500084432281748
0.461698171472596
0.477315342030594
0.553115869796023
0.703223876807288
0.934562154213163
1.23722605463288
1.59654098815797
1.99899258213029
2.42981319770513
2.87362124689343
3.31472845724904
3.7462001972794
4.1733671259345
4.59657956108021
5.00549765573127
5.39397473326279
5.51610985718756
5.89571055739202
6.26830290649315
6.63708405002728
7.00665497825608
7.37811410255113
7.74988416628761
8.10923461889271
8.43955528091279
8.73293953930951
8.98894592451541
9.21330025713929
9.41239045784324
9.58836797739271
9.73908927689422
9.86015973651651
9.92389803772259
10.0289509241617
10.0906909099762
10.0895869955312
10.0130671863033
9.86487555493046
9.66801203416506
9.44746280884528
9.22156295551252
9.00036409838521
8.78397747780414
8.56896491901685
8.35823863056781
8.1620943835444
7.99304975822347
7.86291819397034
7.77763762263809
7.76910676019598
7.77265988374939
7.8254395338401
7.91521442506677
8.02192198424429
8.12515866999077
8.21818203008977
8.30907891572905
8.40171570971121
8.48422600374629
8.53600169848819
8.54242351382095
8.50176805921559
8.41984815304124
8.3053732536355
8.16066584351684
8.1571306868583
7.94386121169611
7.63851807183105
7.23001161555627
6.72571071846435
6.13761097154582
5.48025696179204
4.7764661917495
4.03774205344994
3.26264069720561
2.45377742774095
1.61469545093533
0.751581515986213
-0.120417419867645
-0.987394396383434
-1.8350450931894
-2.15717930599863
-2.91976039367121
-3.6247041308651
-4.27399188643169
-4.88005519269015
-5.46059501658014
-6.0275688923636
-6.5780267133007
-7.09831775593871
-7.56849769650745
-7.9674010854603
-8.29023943648444
-8.54345637322422
-8.72673764872251
-8.8416297677446
-8.88688172572797
-8.84496850335804
-8.82047528447627
-8.58943006940105
-8.21841803205397
-7.73976051883324
-7.20187534593796
-6.63875214773509
-6.06959418837066
-5.50179822752627
-4.9316886023021
-4.35657353767596
-3.78196121955307
-3.21977944893065
-2.68431998681273
-2.18234152099524
-1.71725492400322
-1.29657677348926
-1.17224801381178
-0.836371305033752
-0.552337527551245
-0.307806505124053
-0.0789561617320902
0.157352995187028
0.413278528295534
0.693357897116055
1.0041529158641
1.35156277838722
1.73098097565077
2.12283027353692
2.50158349089528
2.84790492500546
3.15005413988851
3.40329401623125
3.61336649503094
3.65094737227784
3.82851094206531
3.9953602542438
4.15680760497682
4.31091905060598
4.45610255921331
4.58959835696128
4.70356871513839
4.79047144393047
4.84733432006015
4.87646388489342
4.88020006097684
4.85342407004783
4.78936935106811
4.69159163162405
4.57578810901993
4.54854209861494
4.4581969062828
4.35115294506975
4.20728555206178
4.01114738012162
3.7537626744293
3.44031931786184
3.08926638200791
2.723428999679
2.35871976643876
2.00072587044783
1.65702354779369
1.34654169646089
1.08934950716384
0.886987550110804
0.72402592446764
0.658730326841076
0.531274552999711
0.45033329906661
0.435029763271163
0.491069449918721
0.608878049287079
0.777564427920776
0.98697995672099
1.22747338801285
1.49255313838831
1.77539265656959
2.06671198559286
2.36373651663311
2.6759098726787
3.011983577587
3.37623911929665
3.77740056855382
3.94708870119622
4.43450629836446
4.95647030329147
5.49785506486838
6.0390471464252
6.55726112349636
7.03234071417391
7.45266655674326
7.81308388152961
8.11030534620084
8.34396477824735
8.52219067955895
8.65197476132279
8.72303258531415
8.71802159306917
8.62570387149762
8.52551482926332
8.30963666097768
8.04685956648497
7.76220412682293
7.47547451739435
7.18444270039785
6.86913691890978
6.52020108138657
6.13966917613553
5.73514684063701
5.32601337194278
4.93304008399744
4.5684514622361
4.23749285972515
3.93703008058993
3.65998985930121
3.39851069092314
3.37727635218231
3.10763544272413
2.8045642354542
2.45576951978354
2.04979779007609
1.57927797779956
1.04266488923886
0.443671489482962
-0.213586443197963
-0.924788633722123
-1.67526908603758
-2.44137664429082
-3.19620269004581
-3.90824388839085
-4.54759438317985
-5.09745960551797
-5.26228325665598
-5.69150100091976
-6.06146594134928
-6.38656289408356
-6.66487637349312
-6.8769883100413
-7.00192339712642
-7.03251386911196
-6.97688978537003
-6.84187104457328
-6.63481147622174
-6.37118678916675
-6.06269983521622
-5.71036192194354
-5.29899170080754
-4.80601166249473
-4.58538044583431
-3.94769252619761
-3.23683955042229
-2.4827741192199
-1.7185321644007
-0.964567981089522
-0.227423304365188
0.491515891764472
1.19764826132641
1.8942906066217
2.5701658041781
3.20564342332768
3.78360551622251
4.29531415070835
4.74367252813633
5.1404814423905
5.49731236804148
5.60462175878529
5.96486394120169
6.31564584507809
6.63359559066532
6.89199149986565
7.07690863288224
7.18444480723914
7.21853073013714
7.18956790900567
7.11200285648117
6.99879361533766
6.85373732759585
6.67355626030499
6.44670936093947
6.16232157625283
5.81866807887491
5.66815397764698
5.21098134246963
4.69912122323439
4.15633204275025
3.59363207973811
3.01750673703807
2.42906420622593
1.8283098032887
1.21943422052286
0.601127604632784
-0.0277538312741188
-0.655137682833235
-1.26286595124092
-1.83548066112575
-2.36067235988537
-2.82816049307132
-2.96554540864968
-3.33558230536127
-3.66440650039118
-3.96064620711201
-4.22448274649807
-4.45510466578177
-4.64867026233205
-4.8017022646155
-4.91877575013472
-5.00263373175788
-5.05410197451184
-5.08378407964392
-5.10429702485527
-5.11999435776905
-5.12664229792555
-5.10947467822547
-5.0521578610995
-4.99865998365674
-4.86823983544574
-4.70954766847202
-4.54591847360294
-4.40440344190957
-4.29683220045846
-4.21434232593013
-4.13001268793277
-4.01774021546779
-3.86997753703543
-3.68771241977421
-3.47246957962822
-3.22780745164367
-2.95588495041036
-2.65855298299817
-2.33796638678902
-2.21890993219476
-1.86505845197521
-1.48410984718823
-1.07534861842981
-0.640412304423198
-0.192459517392378
0.249755224863962
0.675749117868017
1.08651238711878
1.48901097194854
1.8911315972984
2.29773243795582
2.70731745183495
3.11343846316672
3.50750430345162
3.87883354412384
4.21209067218085
4.33075688864116
4.56809811491344
4.74568389894198
4.87523781060276
4.97725676071024
5.06552001841653
5.14478374805837
5.21435457200151
5.2609903156501
5.26638795135876
5.21381390870639
5.08493135684424
4.87137744163314
4.58536230014006
4.25181107067955
3.89745858689026
3.78663070430552
3.45154380849309
3.08332753068793
2.66166412641166
2.16381806988462
1.58284275394639
0.936570747143517
0.256000932212725
-0.427255340054757
-1.09059248512436
-1.71983914749993
-2.31060723945341
