OQPSK_demod_result
fc:-338745 burst1
burst interval: 11296 ~ 48696
1 1 0 0 3 1 3 2 0 1 0 3 3 1 2 0 1 0 0 1 1 3 2 3 2 1 0 0 2 3 2 3 1 2 3 1 2 0 3 3 0 0 2 0 2 0 2 3 2 0 
3 2 2 1 2 1 2 1 2 3 0 1 2 3 0 0 1 3 2 2 1 1 0 0 2 0 1 0 2 3 3 3 0 0 2 3 0 2 0 3 2 3 0 0 2 1 2 2 1 2 
0 3 1 0 2 2 0 2 0 2 1 0 0 0 0 0 3 1 3 1 0 1 3 0 0 2 1 1 3 0 3 3 2 3 3 1 2 1 1 3 2 3 1 0 0 1 0 1 2 3 
2 2 2 3 2 1 3 1 2 3 3 0 1 1 0 3 0 1 2 2 2 1 3 3 2 3 1 2 1 2 3 3 3 0 2 0 2 0 1 1 0 2 1 0 1 1 0 0 1 3 
3 3 3 0 2 3 2 1 3 3 3 0 1 2 0 0 2 0 2 0 0 0 1 2 1 0 2 3 0 0 0 2 3 0 0 3 3 2 2 0 2 2 1 0 2 0 0 3 2 1 
1 1 0 2 2 2 0 2 2 2 2 1 0 2 0 0 3 0 0 3 0 1 3 2 0 2 0 0 3 2 2 0 1 0 0 0 3 0 0 0 0 0 3 2 2 3 0 1 3 3 
2 2 2 3 3 2 0 0 2 3 2 3 1 2 3 2 2 1 0 3 3 1 1 0 3 1 0 2 3 1 0 0 1 0 2 2 2 0 0 1 1 0 0 1 2 1 2 2 3 1 
1 3 2 0 0 2 2 0 1 2 1 1 2 2 2 3 2 2 0 3 2 1 1 3 3 2 3 0 3 0 0 1 3 3 0 3 2 2 3 1 0 1 2 2 1 1 1 2 2 0 
3 2 2 1 0 1 0 2 2 0 2 2 0 0 1 2 2 2 1 1 3 0 2 0 2 1 2 2 3 3 1 0 1 2 0 3 1 3 2 2 0 3 1 2 3 0 0 0 1 3 
2 3 1 0 3 0 0 3 3 3 3 0 1 3 1 3 2 1 0 3 2 2 2 1 1 0 1 2 0 0 3 3 0 2 0 1 2 0 0 0 3 3 0 3 0 0 2 0 1 3 
1 2 2 0 0 1 1 0 3 1 3 3 3 0 2 0 2 3 3 1 0 0 1 1 0 1 2 0 1 2 2 3 2 0 1 3 1 0 0 0 0 3 2 1 3 2 0 3 1 2 
0 0 1 3 1 1 3 3 2 0 0 1 2 1 1 0 2 2 1 3 1 1 3 3 1 3 2 3 0 0 2 2 0 2 0 1 1 3 3 2 1 3 2 1 1 2 1 0 0 0 
1 2 2 0 1 1 3 3 2 2 1 0 2 2 0 2 2 1 1 1 1 2 0 0 2 1 2 0 3 1 3 0 2 2 2 3 2 0 2 0 2 0 2 0 2 0 2 1 1 2 
0 2 3 0 2 2 3 0 0 0 0 3 3 2 3 3 1 1 0 1 2 1 3 2 3 3 0 0 0 1 3 1 1 2 1 0 3 2 1 2 3 1 3 1 0 0 1 1 0 3 
0 1 3 1 2 2 2 2 1 0 0 0 0 1 3 2 2 2 0 2 0 0 1 0 3 0 1 3 0 3 0 1 0 2 2 2 1 1 1 3 0 0 0 2 1 0 2 0 1 1 
1 2 1 0 1 0 0 2 3 2 1 0 2 1 3 2 0 2 3 2 0 0 0 1 1 3 3 2 3 1 1 1 2 3 1 3 1 3 2 0 3 1 1 0 0 3 1 0 2 3 
2 3 0 2 0 2 0 2 1 2 0 2 1 3 0 3 1 3 1 2 3 0 2 3 2 0 3 1 3 2 0 3 3 0 0 0 3 0 3 3 0 2 1 3 1 3 0 0 3 2 
3 0 2 1 0 2 0 0 2 0 1 2 0 2 2 3 0 3 1 2 0 1 3 3 0 1 1 3 0 2 2 1 2 2 1 2 2 1 3 3 1 3 0 1 2 1 0 1 2 3 
3 0 3 1 0 3 3 2 2 1 0 3 0 2 2 0 1 1 1 1 0 3 1 0 2 2 1 3 3 2 1 0 2 2 1 2 2 3 1 1 1 0 1 2 3 3 2 1 3 0 
1 2 0 2 2 2 3 0 2 2 0 1 2 3 0 0 3 1 2 2 3 2 2 2 2 2 1 1 1 2 0 2 2 1 0 1 0 0 1 1 1 0 1 0 3 0 1 0 3 2 
2 2 2 3 0 2 2 0 0 2 0 1 0 0 2 0 1 1 1 1 1 1 3 2 2 0 0 3 2 2 2 2 3 3 0 0 0 3 1 1 3 2 3 3 1 2 3 3 2 0 
3 1 1 2 3 3 0 1 1 3 2 2 3 0 2 3 0 0 1 1 2 0 0 2 0 2 1 1 2 2 2 2 2 1 0 3 3 3 2 1 1 3 2 0 3 3 1 1 0 0 
2 2 3 1 0 0 1 3 1 3 3 3 2 0 0 3 0 1 2 2 3 3 3 0 2 2 3 0 3 1 1 3 0 3 0 3 0 0 1 1 1 0 1 2 0 3 2 3 2 2 
0 3 2 3 2 1 0 2 1 1 2 3 1 1 3 0 1 2 1 1 1 0 2 2 3 3 2 1 1 1 0 0 0 3 3 2 3 3 0 0 1 2 0 0 3 1 1 1 1 1 
3 1 0 0 3 0 1 2 3 0 3 0 3 1 3 3 3 0 1 3 0 1 0 3 2 1 1 0 3 1 1 2 3 3 2 1 1 0 0 1 1 3 3 2 3 0 0 3 1 0 
3 0 0 1 1 3 3 3 2 1 0 1 2 1 0 0 3 3 3 1 2 2 1 0 3 1 0 1 3 0 3 0 1 2 0 0 2 2 0 0 2 1 2 2 1 1 2 0 0 3 
2 3 3 1 3 3 3 0 1 2 3 2 2 3 0 0 1 0 0 3 2 2 2 0 0 3 3 1 0 1 0 3 0 1 3 2 0 3 3 0 3 2 1 0 3 2 1 0 0 0 
2 0 2 0 2 0 2 0 2 0 2 0 2 0 0 1 3 3 3 1 0 1 2 3 3 3 2 2 3 0 2 0 0 0 0 2 3 0 0 3 3 0 0 1 3 0 1 3 3 2 
2 0 0 0 2 1 2 3 2 0 0 0 0 2 2 0 0 3 2 1 0 0 0 3 2 1 1 0 2 0 1 1 2 3 2 2 0 
fc:-338745 burst2
burst interval: 48692 ~ 64344
2 1 0 0 3 1 3 3 0 1 0 3 3 1 2 0 1 0 0 1 1 2 2 3 2 1 0 3 3 3 3 2 2 1 3 1 0 1 1 3 2 3 1 1 3 1 2 2 3 3 
2 2 2 0 0 1 1 0 0 1 2 1 3 0 3 0 0 0 1 3 3 2 1 3 3 2 0 1 0 0 0 1 1 2 0 0 3 3 2 3 0 1 2 3 0 0 2 0 3 2 
3 3 2 3 0 1 1 2 3 2 1 1 2 0 2 0 0 0 2 3 0 0 0 3 2 3 1 0 3 2 1 0 3 0 3 3 2 1 1 3 3 1 0 0 1 0 3 3 2 0 
2 2 2 2 3 0 0 0 1 2 0 1 0 1 3 3 0 3 3 0 2 0 2 0 2 2 1 1 1 0 2 1 3 3 2 2 0 2 2 1 1 0 3 0 2 2 0 0 3 0 
0 2 0 0 0 0 1 1 0 0 0 1 2 2 1 0 2 0 2 2 0 2 0 1 3 0 1 0 3 0 3 3 0 3 3 3 3 2 3 1 1 1 3 0 1 0 0 0 1 1 
1 0 2 3 0 0 1 1 3 0 3 3 3 3 3 2 1 2 3 0 1 1 2 3 3 3 0 1 1 0 3 1 1 2 3 3 1 2 0 0 0 2 3 3 2 0 3 0 3 2 
1 1 0 2 3 1 2 3 3 2 2 0 1 1 1 3 3 3 1 0 2 3 0 0 0 3 0 2 0 0 3 3 3 0 2 3 0 0 0 1 2 3 0 0 0 3 0 3 2 2 
1 0 0 1 0 0 3 3 1 3 3 1 0 1 3 3 0 1 0 3 0 1 2 3 0 3 0 0 2 0 1 1 3 1 1 1 2 3 0 1 1 3 3 2 3 0 2 2 2 1 
2 3 3 2 2 2 1 0 3 3 0 1 3 1 2 2 2 3 1 1 1 1 2 2 3 0 3 3 3 1 1 1 1 3 2 2 3 3 3 1 3 2 3 3 2 3 3 0 0 1 
2 2 0 1 2 2 1 2 0 3 2 1 0 2 0 1 3 3 0 0 3 3 3 3 0 0 0 3 0 0 2 1 0 3 3 2 2 2 1 1 3 3 1 1 3 3 0 1 1 1 
1 1 0 1 1 3 0 0 2 3 3 1 3 3 0 2 2 1 2 0 2 3 2 0 2 3 3 3 1 2 2 3 2 3 0 0 2 0 1 2 3 3 1 1 3 0 3 2 3 2 
2 1 0 1 2 3 0 2 0 2 3 3 0 1 1 3 1 0 2 2 1 0 1 0 2 3 3 1 1 2 0 1 3 3 3 3 1 2 2 2 1 2 2 2 2 3 3 3 3 3 
0 
fc:-338745 burst3
burst interval: 64340 ~ 76836
2 1 3 0 3 1 3 3 0 1 0 3 3 1 2 0 1 0 0 1 1 3 2 3 3 1 0 3 1 3 1 2 1 2 2 2 2 3 2 3 0 0 1 1 2 3 0 3 3 0 
2 0 2 2 1 0 1 1 0 2 3 0 2 3 0 2 1 3 1 1 0 0 3 3 0 2 2 2 0 1 1 2 0 1 0 1 2 1 0 1 1 3 0 1 1 0 3 0 2 0 
3 0 2 0 0 1 0 2 2 1 0 1 2 3 0 3 1 1 3 0 3 0 0 3 1 1 3 1 3 3 3 1 0 2 2 0 1 1 3 3 2 0 1 1 3 2 2 2 0 0 
3 3 2 0 0 3 2 2 2 2 0 0 3 0 3 0 3 2 0 0 3 2 3 0 1 0 1 1 3 0 3 0 1 0 0 0 3 3 1 1 1 3 1 0 2 0 2 2 0 3 
0 0 0 0 2 2 1 2 1 0 3 2 2 2 1 1 2 0 0 2 1 0 0 0 0 1 1 0 2 3 3 3 2 0 1 1 2 1 1 1 0 1 2 2 2 0 0 0 0 0 
1 2 1 2 2 3 3 3 0 0 3 3 0 0 3 0 0 2 2 2 3 2 2 0 3 0 0 3 2 2 2 1 2 0 1 0 0 1 2 2 2 2 0 3 2 2 2 0 3 3 
1 1 0 0 2 1 0 1 1 1 3 0 1 0 0 2 2 3 1 0 2 1 3 2 3 3 0 3 2 0 2 0 2 3 3 2 2 3 0 1 0 3 1 3 3 3 3 0 3 3 
0 0 2 0 2 2 3 3 3 3 1 1 3 3 2 1 2 1 1 1 1 3 2 1 2 3 3 0 1 3 3 0 2 3 0 0 3 3 2 1 3 1 2 0 0 3 0 3 2 1 
0 2 3 2 0 0 3 0 0 2 0 1 1 2 1 3 1 0 0 3 2 2 3 0 0 1 2 0 1 1 0 1 2 2 3 2 0 2 1 2 0 3 3 0 3 2 0 3 3 0 
1 0 3 3 2 2 3 3 3 1 1 1 2 3 3 3 2 0 2 2 2 3 3 0 3 3 1 2 0 
fc:-338745 burst4
burst interval: 76832 ~ 120284
2 1 3 0 3 1 3 3 0 1 0 3 3 1 2 0 1 0 0 1 1 3 2 3 3 1 0 3 2 3 2 0 2 1 1 1 0 3 1 2 3 3 0 1 3 2 0 3 2 2 
2 1 0 0 2 3 2 0 2 2 1 1 0 0 1 3 3 2 2 3 1 1 0 0 1 3 3 3 2 2 3 1 0 0 0 0 0 3 1 1 1 1 3 3 2 2 0 0 3 3 
2 2 2 0 0 2 3 0 2 0 3 3 3 0 1 0 0 0 3 0 0 1 3 2 0 2 0 1 0 3 3 0 0 0 1 2 3 1 1 3 1 1 3 0 2 3 1 1 0 2 
2 0 1 1 1 2 3 3 3 3 2 0 0 1 3 1 1 1 0 2 3 0 0 3 2 1 1 2 2 3 0 2 1 1 3 3 0 3 2 1 0 2 1 1 2 3 3 1 0 0 
3 3 2 1 0 1 1 1 1 1 2 3 0 1 1 0 3 3 0 1 1 1 0 2 3 0 0 2 2 1 1 1 0 0 3 0 1 1 3 2 1 1 2 2 2 3 0 1 2 3 
3 0 1 2 0 0 0 3 1 1 2 3 3 3 0 1 1 2 2 2 2 2 3 3 0 2 1 0 0 3 2 1 1 1 0 3 0 0 0 2 2 2 3 3 3 0 0 2 3 3 
2 2 0 1 3 0 1 3 3 2 2 0 3 1 3 2 3 3 3 1 2 0 0 3 0 0 2 2 1 0 2 3 0 0 0 1 1 3 1 2 2 1 1 0 0 2 2 2 1 3 
3 3 3 2 1 0 0 2 3 2 0 2 2 1 3 1 1 2 0 2 3 1 0 3 0 0 2 0 0 1 1 1 1 2 3 3 2 1 3 1 1 1 0 2 0 1 1 0 0 2 
0 0 2 0 0 0 1 1 1 0 0 1 1 2 3 0 2 1 3 2 1 3 1 1 2 3 3 1 0 1 0 1 0 0 2 2 3 2 2 0 3 0 0 1 1 0 0 1 2 1 
0 3 1 0 3 3 0 1 2 3 0 3 1 3 1 0 0 1 0 3 0 0 0 0 1 1 2 1 0 3 3 0 0 0 1 0 0 3 1 2 3 0 3 2 2 3 3 3 1 1 
1 1 0 3 2 2 2 1 1 1 1 0 3 1 3 3 1 3 1 3 0 2 2 2 0 0 3 2 1 1 1 2 2 2 3 0 0 3 3 1 1 0 0 1 2 1 3 0 0 1 
3 3 0 3 0 2 3 0 1 3 0 2 1 3 2 1 3 0 1 3 0 1 0 0 3 3 3 3 3 0 3 2 2 3 3 2 2 3 2 1 1 2 2 1 2 3 1 1 1 3 
2 3 3 3 1 3 3 1 2 0 2 0 1 1 3 3 3 1 0 1 3 1 2 2 2 2 3 1 3 2 2 2 1 2 3 3 2 0 2 0 2 1 2 0 2 3 2 1 3 1 
3 3 2 2 3 2 3 1 3 2 0 2 2 1 2 0 3 3 1 2 3 0 2 0 0 3 2 2 3 0 3 1 3 1 1 2 3 2 2 1 0 0 3 1 1 2 1 1 2 0 
0 0 0 2 3 2 3 0 2 3 3 2 2 1 0 3 2 1 2 3 0 1 3 3 0 0 3 3 3 0 0 0 2 0 1 0 0 3 3 2 3 0 1 0 0 2 0 0 2 2 
3 2 0 1 2 3 1 0 1 1 3 0 0 1 1 3 0 1 1 1 1 0 0 3 2 1 2 3 1 1 0 0 1 0 1 1 3 1 0 2 3 0 3 1 3 1 1 1 1 2 
0 1 2 0 1 0 0 1 2 1 1 3 3 1 2 0 0 3 0 1 0 1 3 2 1 1 1 0 3 2 3 3 2 0 1 2 0 1 1 2 3 0 1 2 3 1 2 2 3 2 
2 3 3 0 1 3 3 3 3 3 2 1 2 1 0 0 1 1 2 3 2 0 0 2 3 3 2 2 0 0 0 1 0 3 0 3 2 1 3 1 3 0 2 1 1 0 3 3 0 0 
3 3 0 3 3 3 3 0 1 3 0 1 3 1 0 0 0 1 3 0 2 2 2 3 2 2 0 3 1 0 1 3 3 0 2 2 3 3 3 3 3 1 1 3 3 3 2 3 0 1 
2 2 2 2 3 1 1 3 3 3 3 1 1 1 2 1 3 1 1 0 2 2 0 0 1 2 2 3 0 1 3 0 2 2 3 0 1 2 2 2 0 1 3 0 1 2 2 3 3 0 
0 0 0 3 1 3 0 0 0 1 1 2 2 3 3 2 3 3 0 0 3 1 1 0 0 1 0 3 1 2 2 3 1 1 3 1 2 2 1 1 1 3 1 3 0 0 3 0 0 2 
1 1 3 3 3 3 0 3 2 3 0 2 1 0 3 0 3 1 2 1 0 3 3 1 3 1 0 3 1 0 2 2 3 2 1 0 3 0 3 2 3 0 1 2 2 2 2 2 2 1 
0 3 0 0 1 1 0 0 1 1 0 2 3 3 0 3 0 2 1 0 0 3 2 3 2 1 3 0 2 2 3 1 3 2 1 3 3 0 2 2 1 3 2 0 0 3 1 0 0 1 
1 2 3 2 2 2 0 0 2 1 0 3 2 3 1 1 1 1 3 2 2 2 1 2 1 0 0 0 3 2 1 2 2 2 1 2 2 3 2 2 0 2 1 2 1 0 3 3 1 1 
1 1 2 2 3 1 1 2 1 2 1 0 2 3 2 3 2 3 1 2 0 1 2 1 3 3 1 1 3 0 1 0 3 3 3 1 3 1 1 3 0 3 1 0 3 3 1 2 3 1 
0 3 3 0 0 2 2 0 3 3 1 0 0 3 1 1 3 0 1 3 1 0 0 1 0 1 2 0 0 0 3 3 0 0 3 1 0 0 1 0 1 1 1 2 3 3 2 1 1 0 
2 1 0 3 1 1 2 1 0 3 0 2 2 0 1 1 2 2 2 1 1 3 0 3 1 1 2 0 1 2 0 2 3 2 2 2 3 2 1 1 1 3 0 1 3 0 1 2 1 0 
3 3 1 2 2 0 0 3 3 3 0 0 0 0 3 2 3 0 0 3 2 1 3 3 2 1 0 1 0 3 3 0 0 0 2 0 0 1 2 0 0 1 0 0 1 1 3 3 0 1 
1 1 1 3 0 2 2 1 0 3 3 1 2 3 2 2 3 1 2 1 0 2 1 2 2 3 1 2 3 1 1 2 3 0 0 3 1 1 2 3 2 3 2 2 1 0 1 1 1 1 
2 0 2 2 1 3 1 3 3 0 0 1 1 3 0 1 1 0 3 0 1 3 0 1 1 1 1 1 0 1 1 2 0 0 0 1 3 3 1 3 0 1 0 1 1 2 3 2 1 0 
1 3 1 2 0 1 1 0 1 2 1 2 3 3 3 3 2 2 2 3 2 3 2 0 0 3 2 0 0 3 0 0 3 0 0 0 0 0 3 2 3 1 0 0 2 0 0 2 0 2 
2 2 1 2 0 3 0 3 3 0 3 0 2 1 2 0 3 2 3 2 3 3 1 0 3 3 3 3 2 1 1 3 3 2 3 3 2 3 1 0 0 3 3 3 3 1 1 3 3 0 
1 1 0 2 0 2 0 3 0 2 1 2 1 1 1 3 1 1 2 1 0 0 2 1 1 1 1 1 0 3 0 2 3 3 1 3 0 1 3 2 1 1 0 2 2 0 0 2 3 2 
0 3 3 3 3 3 3 1 3 2 2 2 1 3 0 3 3 3 1 3 
fc:-338745 burst5
burst interval: 120504 ~ 169176
1 1 3 0 3 1 3 3 0 1 0 3 3 1 2 0 1 0 0 1 1 3 2 3 3 1 3 3 1 1 0 3 3 1 0 2 1 3 1 3 0 3 3 1 3 3 0 3 2 0 
1 0 2 2 3 2 2 0 3 1 3 3 3 3 0 1 3 3 0 0 3 2 3 0 0 1 1 3 1 2 0 1 2 2 1 1 2 1 0 3 1 0 3 0 2 0 2 0 1 1 
1 0 2 2 1 1 0 3 1 2 1 2 3 1 2 0 1 2 2 2 3 0 2 2 0 3 3 1 2 0 2 1 1 1 1 1 3 1 3 3 2 2 1 0 3 3 3 3 2 2 
3 0 1 1 1 3 2 2 2 3 1 1 0 0 2 2 2 2 1 0 3 3 0 0 0 1 1 0 3 3 3 0 2 3 0 1 2 0 0 1 0 0 2 0 0 3 3 3 3 1 
1 3 3 0 0 0 3 3 3 3 0 3 3 2 0 2 0 1 3 1 1 3 2 0 0 3 0 2 0 0 1 0 1 2 0 1 1 2 2 1 3 3 0 0 0 1 0 0 3 3 
3 0 1 1 1 0 0 3 0 0 0 3 0 2 1 0 3 2 3 2 1 2 2 2 0 2 2 3 2 0 1 1 1 2 2 2 1 3 3 1 3 2 0 2 1 2 0 2 3 3 
3 0 3 0 1 3 0 0 1 3 3 0 1 3 0 2 3 0 0 1 1 2 3 2 3 3 0 3 2 0 1 2 2 1 0 2 3 3 0 0 1 1 1 3 0 1 2 3 0 3 
0 2 2 3 2 2 3 1 1 1 3 2 2 2 2 2 2 0 3 3 1 1 2 1 3 2 3 1 3 1 2 2 0 3 0 0 0 0 2 1 0 0 0 1 0 2 0 3 0 3 
3 2 0 2 1 2 2 0 2 2 2 1 1 1 0 2 0 2 1 0 0 1 0 0 2 2 0 2 1 2 3 3 3 3 0 0 2 2 2 1 2 0 3 3 1 0 0 0 3 2 
2 3 2 0 1 0 0 2 2 2 2 2 3 2 0 3 2 2 1 0 1 1 3 2 3 0 0 2 0 2 2 3 1 0 1 3 1 1 3 3 0 1 1 3 2 0 3 0 0 3 
3 1 2 1 1 3 0 0 1 2 0 3 0 2 2 1 2 2 0 3 1 1 2 3 1 1 3 0 2 3 1 3 3 0 3 3 2 2 2 2 2 3 2 1 1 0 3 0 0 1 
1 2 0 3 1 3 2 3 3 3 3 2 2 0 2 1 2 1 2 1 3 2 2 2 3 3 3 2 2 3 2 3 3 0 0 3 2 0 2 0 2 1 2 0 0 1 2 1 1 0 
3 0 2 2 3 2 1 3 0 1 1 0 3 2 0 2 0 0 1 3 3 2 0 1 2 3 2 1 1 1 0 0 2 3 3 2 0 0 3 2 1 1 1 1 0 0 0 2 2 2 
2 1 1 0 3 3 3 3 1 1 1 0 3 2 0 3 0 1 0 3 1 2 2 1 2 0 0 0 2 1 0 3 0 3 3 1 1 1 2 0 2 1 3 3 1 3 3 3 3 1 
1 3 1 1 1 2 2 0 1 0 3 3 3 3 3 2 1 3 3 3 0 2 2 3 3 2 1 2 3 2 3 0 1 2 2 2 0 3 3 0 0 3 0 0 2 2 3 2 1 1 
1 2 2 2 1 1 3 1 1 1 1 0 3 3 0 0 1 2 1 1 0 0 0 0 0 1 2 3 3 1 3 0 0 3 0 0 2 3 0 0 2 1 2 2 0 3 0 0 0 3 
2 2 0 0 3 2 2 2 2 1 0 3 0 0 1 0 2 0 0 1 0 0 1 1 1 3 3 3 3 1 3 0 1 1 0 1 0 2 0 3 2 2 1 1 0 0 0 3 2 1 
3 1 2 1 2 2 3 1 2 3 2 3 0 1 2 3 1 3 0 2 1 2 2 0 0 2 3 2 0 2 0 2 0 2 0 2 2 0 0 3 0 3 1 1 0 0 1 3 2 2 
1 3 1 3 0 2 0 2 0 0 0 1 2 0 3 3 0 1 3 3 2 2 0 2 1 0 1 0 2 0 1 3 3 2 1 2 2 0 0 2 2 3 3 1 3 3 1 1 0 3 
2 3 1 0 0 2 2 0 2 0 0 1 1 0 0 1 1 0 1 0 1 1 3 3 3 3 1 1 1 0 0 1 2 2 0 1 0 1 2 1 1 2 0 1 3 3 1 3 1 1 
3 2 3 3 1 1 1 2 3 1 3 2 2 0 0 0 0 3 3 1 2 1 0 3 2 3 0 2 2 2 0 0 3 2 1 3 2 2 2 2 2 3 3 1 2 2 0 1 2 0 
0 1 2 2 2 3 1 0 0 0 1 0 2 1 2 1 1 2 1 3 3 0 1 2 2 1 2 0 3 3 3 0 2 3 3 0 2 3 0 1 0 3 3 0 2 3 0 2 2 2 
0 3 3 1 0 0 0 0 1 2 0 3 2 3 2 1 2 3 0 0 1 1 1 2 3 3 3 2 0 0 3 2 2 3 3 1 3 3 0 2 2 2 2 0 2 1 1 1 3 0 
1 1 2 0 1 2 3 1 2 0 2 3 0 2 0 0 3 0 0 3 2 3 0 0 3 1 0 3 1 2 2 0 0 3 2 1 2 2 2 3 0 2 2 3 2 2 2 2 3 2 
1 0 0 1 2 2 3 0 2 3 3 0 1 1 1 3 0 0 1 3 1 0 1 1 0 2 1 0 3 0 3 3 3 0 0 2 1 0 2 0 2 3 2 1 3 0 1 3 3 3 
0 0 3 3 3 1 1 3 3 3 0 1 1 1 3 3 0 2 1 0 3 3 3 3 0 3 3 2 2 1 1 1 2 0 0 1 1 2 2 2 3 2 0 2 2 1 1 1 2 3 
0 2 2 0 2 2 3 1 1 1 0 0 0 3 0 2 2 1 0 3 0 2 2 3 2 3 3 0 1 3 1 1 2 3 2 1 0 0 3 3 2 2 2 2 2 2 2 0 2 2 
3 0 3 3 0 2 1 3 0 2 0 2 0 2 0 3 0 3 3 3 2 1 2 0 1 0 2 0 1 0 3 3 3 3 2 0 0 0 0 3 2 3 3 3 3 1 1 2 1 1 
0 3 2 1 2 3 0 1 0 1 1 1 2 1 1 0 3 0 1 3 3 2 2 3 0 1 0 1 3 3 1 1 1 0 3 0 2 0 2 3 0 1 0 3 0 1 3 0 3 0 
0 0 0 2 2 1 0 1 3 3 3 0 1 1 0 2 1 0 2 1 1 1 1 2 1 0 2 2 1 0 3 1 3 3 1 3 3 2 1 3 1 1 2 3 3 2 3 2 1 3 
3 3 2 2 2 1 1 2 2 2 0 2 1 1 0 1 3 2 0 0 2 3 0 2 2 1 3 1 1 1 3 1 0 1 1 2 3 3 2 2 2 1 1 1 1 3 2 2 1 2 
1 1 1 1 2 0 2 1 1 0 2 3 3 3 2 0 2 0 1 2 0 1 0 0 0 1 1 0 2 1 1 3 2 1 0 0 3 3 0 3 1 0 3 0 0 2 3 0 3 0 
0 0 0 3 1 0 2 2 0 3 1 0 1 1 1 2 2 1 0 1 1 1 2 1 2 2 0 1 0 1 2 0 3 1 1 2 3 1 3 3 0 2 1 1 1 3 3 0 0 1 
0 1 3 2 0 3 2 3 3 3 0 1 1 3 1 0 0 1 1 3 1 3 2 3 3 0 1 0 0 1 1 2 3 0 1 0 0 0 3 3 1 1 3 3 3 0 1 2 0 1 
1 2 0 1 0 3 3 1 2 3 2 1 1 0 1 0 2 0 0 0 2 1 2 3 1 1 0 0 0 1 0 0 1 2 0 3 0 0 0 2 0 1 0 3 3 1 0 1 0 3 
1 2 2 0 0 3 1 1 2 1 1 2 1 1 1 2 3 1 0 1 1 3 2 0 1 2 3 2 0 1 3 1 3 2 3 0 0 0 3 1 2 1 2 2 2 1 2 1 1 2 
0 3 1 1 2 2 0 0 0 2 0 2 2 1 0 0 0 2 2 1 2 2 2 3 3 1 3 0 0 3 1 2 3 1 1 3 0 2 0 2 0 2 0 2 0 2 3 1 1 1 
0 0 0 0 2 1 1 1 0 2 2 3 3 2 2 3 0 0 0 0 2 
fc:-338745 burst6
burst interval: 170416 ~ 194988
3 1 3 1 3 1 3 0 0 1 0 3 3 1 2 0 1 0 0 1 2 2 2 3 2 1 0 3 1 0 2 2 1 1 0 3 2 2 2 3 3 3 0 1 2 3 1 3 3 3 
2 0 2 2 3 0 2 0 3 2 2 1 3 3 0 1 3 0 3 1 3 3 3 3 0 2 1 3 2 3 0 0 3 1 1 1 2 0 1 0 2 1 1 3 2 1 1 0 2 3 
3 0 3 1 1 0 3 3 1 2 0 2 0 1 2 0 2 0 3 3 2 0 2 0 0 2 2 1 0 0 2 0 1 2 2 2 0 3 1 1 2 2 0 1 0 0 0 0 0 0 
1 0 0 0 2 3 1 0 0 0 1 0 0 1 2 2 3 2 2 2 1 1 0 0 2 2 2 3 0 0 1 2 2 2 3 3 0 2 0 1 3 3 1 0 0 1 1 1 1 0 
0 1 3 3 2 3 0 2 3 2 0 1 2 1 1 2 3 0 0 0 1 0 1 1 1 2 3 3 3 0 2 2 1 1 1 1 1 3 2 1 1 1 3 2 3 3 3 0 3 1 
3 2 1 1 2 2 1 0 0 2 2 2 3 3 0 3 2 2 0 2 1 0 0 1 1 2 3 1 3 2 1 1 2 2 1 2 3 2 2 1 1 3 0 1 2 1 3 1 2 2 
2 1 1 1 2 1 0 0 1 3 0 1 0 3 3 2 0 0 3 3 3 3 1 2 0 3 1 3 2 0 2 1 0 3 2 0 3 2 0 1 3 1 1 2 3 1 2 2 0 3 
3 0 2 3 3 2 2 2 0 0 0 0 3 2 2 0 3 1 1 3 2 1 1 1 2 2 0 1 1 3 1 1 2 3 0 0 3 1 3 1 3 1 2 2 3 2 0 0 3 0 
2 2 1 1 3 3 2 1 2 1 3 1 3 1 3 0 0 0 0 3 1 0 2 1 3 3 0 0 0 3 2 1 1 3 1 0 0 0 1 3 0 0 1 0 0 3 2 0 2 1 
0 2 3 3 2 2 1 2 1 1 2 3 0 0 0 1 2 2 0 2 2 0 3 0 3 0 0 2 0 2 2 0 0 3 2 0 3 3 3 3 0 3 0 1 1 1 3 0 3 2 
2 3 0 1 3 0 2 0 3 3 1 1 1 2 0 3 3 1 3 3 0 0 3 0 0 1 0 1 3 3 2 0 2 1 0 2 0 3 3 2 1 2 2 2 2 1 1 0 0 0 
1 3 0 2 0 2 3 2 3 0 0 3 2 1 3 0 3 2 1 1 3 2 0 1 3 0 1 3 3 3 2 2 0 1 2 2 2 2 0 0 2 2 0 0 3 3 2 1 1 1 
2 2 2 0 0 3 2 2 1 1 2 1 0 2 0 2 1 3 2 2 0 3 1 0 3 3 0 0 0 1 1 1 1 3 0 2 2 0 1 2 3 0 3 2 1 3 2 2 1 1 
3 1 0 0 1 3 3 0 0 3 2 2 0 3 3 0 0 0 0 0 1 2 3 2 2 1 0 3 3 3 0 0 2 3 1 3 3 0 3 0 0 1 2 1 1 3 1 0 0 2 
1 1 1 2 2 3 2 2 2 1 0 1 1 0 1 2 0 0 2 2 0 0 1 0 1 1 3 0 0 3 3 2 2 1 3 2 2 3 0 0 1 2 3 0 2 2 3 1 2 2 
1 3 3 0 0 2 3 3 2 2 3 1 0 1 0 2 2 0 3 3 3 3 3 3 0 0 2 0 1 2 2 1 3 3 3 2 1 0 0 3 1 1 2 0 2 0 1 3 3 0 
3 3 1 1 0 3 3 1 3 1 1 3 0 3 2 3 3 0 0 0 3 2 3 3 3 0 1 0 0 3 1 1 1 1 0 3 1 0 2 3 3 2 2 3 0 1 3 1 1 2 
2 2 1 0 3 3 2 0 3 0 0 3 0 2 1 1 3 1 2 3 3 0 0 3 2 1 2 0 2 0 2 0 2 0 2 0 2 0 1 1 2 3 3 0 1 1 2 3 2 2 
0 1 3 2 1 1 3 3 0 0 3 0 2 3 2 3 3 1 2 3 1 1 2 1 2 1 1 0 0 3 0 3 1 3 3 1 2 3 2 1 2 0 1 1 
fc:-338745 burst7
burst interval: 195392 ~ 218140
2 1 3 0 3 1 3 3 0 1 0 3 3 1 2 0 1 0 0 0 1 1 2 3 3 1 3 3 1 0 0 1 2 0 3 1 0 1 2 3 3 3 2 1 1 3 3 1 3 3 
2 0 2 1 2 0 3 1 3 1 1 3 2 3 0 0 0 1 3 1 3 3 2 3 0 2 2 0 1 0 1 3 3 2 1 1 2 0 0 1 0 2 0 3 0 1 3 0 2 2 
2 3 3 3 0 3 1 3 2 2 3 2 1 2 0 3 0 2 2 1 3 3 3 0 0 3 2 0 2 3 3 1 1 2 0 1 0 3 2 2 2 1 0 1 0 1 1 2 3 0 
1 0 0 3 3 2 1 0 0 1 2 3 1 1 0 3 2 2 2 2 1 2 1 0 0 2 1 3 3 3 3 1 1 3 3 0 3 3 2 1 3 2 2 2 2 0 2 2 2 1 
0 3 2 3 0 1 3 1 0 1 1 3 2 2 2 1 1 3 2 0 0 0 2 0 0 1 1 2 1 2 2 3 3 2 1 1 2 2 1 1 2 3 1 1 2 3 3 0 2 2 
1 2 1 3 0 3 3 2 1 0 3 0 0 2 2 2 3 0 0 2 1 2 2 3 3 2 0 1 0 3 0 2 1 0 3 1 1 2 1 3 3 2 0 1 1 0 1 3 0 0 
1 0 2 2 1 1 1 1 1 0 0 3 3 1 1 2 2 2 2 3 3 0 1 0 1 0 0 3 1 2 2 0 2 2 0 2 1 2 3 3 3 3 1 3 0 1 3 0 0 3 
0 0 1 0 0 3 1 2 1 2 3 1 0 3 2 1 0 0 3 2 2 0 2 1 1 0 0 3 0 0 0 1 0 2 0 3 0 1 1 1 0 1 0 1 2 2 3 1 3 0 
2 1 2 2 3 2 1 2 1 1 3 2 0 3 2 2 0 2 2 0 0 1 2 1 2 1 3 3 3 0 1 2 1 1 3 2 2 0 0 2 2 0 1 1 2 2 2 1 1 3 
3 1 3 3 0 0 3 3 0 0 2 1 0 1 2 0 2 3 2 2 0 0 2 1 0 2 3 1 2 3 1 3 0 2 3 3 0 0 0 0 3 3 3 1 3 3 0 3 0 0 
1 3 1 1 2 0 1 0 2 2 0 3 2 3 1 3 3 0 0 2 3 2 2 1 2 3 0 3 1 0 2 2 1 0 3 1 0 2 2 2 0 3 0 0 0 2 2 1 0 1 
1 3 1 1 1 0 1 2 3 0 1 0 2 3 2 2 2 3 3 1 0 2 0 3 2 3 2 0 2 3 2 3 1 1 1 3 2 1 3 2 3 2 1 0 0 3 2 0 2 0 
2 2 0 1 0 0 0 2 3 0 3 3 0 1 0 3 1 0 2 2 2 1 2 1 1 3 1 1 3 3 3 3 1 3 0 0 0 1 2 3 2 3 1 0 0 1 3 3 1 2 
2 1 3 2 0 1 0 0 1 3 0 0 3 3 1 2 2 3 2 2 3 1 2 2 0 3 3 2 1 1 0 1 2 1 3 3 1 2 0 3 3 3 1 0 1 0 3 2 3 3 
1 3 2 2 1 1 0 0 2 3 2 0 1 0 1 1 3 1 3 1 3 2 3 0 3 1 1 2 0 1 2 3 0 1 1 2 3 1 2 2 1 1 0 0 0 3 3 3 0 1 
2 0 3 0 2 0 3 2 2 1 1 2 0 0 1 1 0 3 0 3 1 3 0 1 0 3 0 1 0 3 1 0 3 2 2 3 0 3 0 1 3 2 2 0 2 0 0 1 2 1 
2 2 1 3 0 1 2 3 0 2 2 0 0 0 1 2 2 2 0 1 3 0 0 1 1 3 0 3 0 3 0 3 3 3 2 0 0 3 2 2 2 2 2 2 2 3 1 1 3 1 
3 0 3 2 2 1 3 0 2 1 0 1 1 2 3 3 1 1 2 3 1 1 3 
fc:-338745 burst8
burst interval: 235940 ~ 253572
2 1 3 0 3 1 3 3 0 1 0 3 3 1 2 0 1 0 0 1 1 3 2 3 3 1 0 0 3 3 0 1 2 1 3 0 2 0 1 2 2 3 2 3 0 3 3 0 0 1 
3 2 1 1 3 0 2 3 3 2 0 3 0 1 3 3 1 1 2 1 0 0 3 0 3 1 1 1 2 1 2 3 2 1 1 2 0 0 2 1 3 3 1 2 2 2 2 1 1 1 
1 1 2 0 3 0 1 2 2 1 3 0 0 3 3 0 0 0 0 0 1 0 2 1 1 2 2 1 2 0 1 1 2 2 2 2 2 3 2 2 0 3 0 3 1 1 0 1 3 3 
1 2 1 3 0 1 0 3 0 1 3 0 0 0 0 1 1 1 2 1 1 0 0 0 3 2 3 0 1 1 1 0 0 0 1 1 2 1 1 0 2 1 1 3 3 0 2 1 1 0 
1 2 1 1 3 1 3 2 1 2 1 0 3 1 0 3 3 2 2 1 2 3 3 0 1 1 2 2 1 2 3 2 3 2 1 0 3 0 0 1 1 0 1 2 1 1 3 2 0 3 
2 1 1 3 3 3 2 2 2 1 3 3 2 3 1 3 2 3 1 3 3 2 0 1 0 2 3 0 3 2 3 0 2 0 0 3 1 2 2 1 1 3 1 1 1 1 0 3 2 2 
1 3 2 1 0 1 2 2 1 2 3 3 2 0 1 3 2 1 0 1 0 0 3 3 1 0 0 3 3 2 1 0 0 3 2 2 2 1 1 0 3 3 0 0 2 1 2 3 2 0 
3 3 1 3 3 2 2 2 2 3 2 1 3 3 1 3 3 1 2 1 3 0 3 0 0 3 0 3 2 2 0 3 3 0 0 1 3 1 0 1 2 3 3 1 1 2 1 1 2 2 
0 2 3 1 0 3 1 3 2 3 1 2 3 1 3 3 1 1 2 3 0 0 1 1 0 3 1 0 0 1 1 0 1 1 0 2 1 3 0 3 3 0 0 3 2 3 0 0 3 1 
1 1 2 1 0 2 3 0 2 1 1 2 1 3 3 3 3 1 0 3 3 3 1 1 2 2 2 1 0 0 0 3 1 3 0 0 1 2 1 1 0 0 1 1 3 3 3 1 3 2 
0 0 2 0 3 3 1 3 3 0 0 3 1 0 0 3 2 1 3 1 0 3 3 1 2 3 3 0 0 0 1 2 1 0 0 1 2 3 2 2 2 1 3 1 1 3 2 2 0 0 
0 0 2 1 3 2 2 3 0 2 2 0 0 0 3 2 2 1 0 0 0 0 2 3 2 0 1 2 2 1 0 2 3 2 1 2 2 1 1 1 2 2 3 2 3 0 0 3 2 3 
3 0 1 1 3 2 2 3 2 2 1 1 0 2 2 1 3 0 1 2 0 0 0 1 3 1 2 0 3 1 3 1 2 3 0 2 2 0 2 0 2 0 2 1 2 0 2 2 1 0 
1 2 1 1 3 2 3 3 1 0 0 0 0 3 3 0 2 3 0 1 1 1 0 2 1 2 0 
fc:-338745 burst9
burst interval: 254660 ~ 273248
2 1 3 0 3 1 3 3 0 1 0 3 3 1 2 0 1 0 0 1 1 3 2 3 3 1 0 0 2 0 0 2 3 0 3 1 2 3 3 1 1 0 0 0 3 0 2 3 0 2 
0 1 0 3 2 2 3 2 2 0 0 0 2 3 1 0 3 3 0 3 3 0 2 0 0 1 1 2 3 3 2 2 3 3 2 0 2 0 0 3 3 1 0 1 1 0 0 3 1 1 
2 2 0 1 1 2 0 2 2 2 2 0 1 0 2 0 1 1 2 0 0 3 3 3 3 3 1 2 2 2 3 0 0 0 0 2 2 0 2 0 0 2 3 0 3 3 2 2 2 2 
0 0 2 3 1 1 2 3 2 3 2 1 2 0 3 2 1 0 3 3 0 1 2 2 1 1 3 1 1 2 0 3 2 2 3 0 0 0 2 2 0 3 3 0 0 0 3 0 1 3 
2 1 0 3 2 1 2 3 3 1 2 2 0 3 3 2 0 0 0 3 0 3 3 2 1 3 2 3 0 1 2 3 1 3 2 1 2 0 1 3 0 0 1 0 2 1 1 0 1 0 
3 2 1 1 2 0 0 1 0 2 2 2 0 0 0 1 3 0 0 0 1 0 0 2 0 0 2 0 1 3 3 3 3 1 3 1 1 2 2 2 3 3 3 3 0 1 1 1 3 3 
2 0 3 1 3 0 1 1 2 2 2 2 2 1 3 3 0 2 2 0 0 2 1 2 1 0 3 3 2 2 2 2 2 0 1 1 2 3 1 3 3 0 0 3 0 0 3 1 3 0 
1 2 3 3 1 3 3 0 0 0 0 1 2 3 3 2 1 2 2 3 3 2 0 1 3 0 1 0 1 2 0 1 1 1 2 2 3 2 1 3 1 1 1 0 1 0 0 0 1 3 
3 1 1 0 3 3 0 1 2 2 3 1 1 2 2 1 0 3 2 3 3 3 1 1 3 3 0 1 2 3 0 1 1 1 0 1 1 3 3 1 1 2 0 1 3 2 3 0 0 0 
0 0 3 0 1 2 0 0 3 2 3 0 1 2 1 3 2 1 2 2 1 0 2 3 1 3 0 0 1 3 2 1 0 0 1 1 0 0 3 3 2 1 3 3 0 0 3 1 2 2 
3 3 2 2 0 0 1 2 0 1 3 3 2 1 1 1 1 2 0 0 2 2 0 3 2 1 0 0 0 1 1 0 0 3 2 3 3 2 2 1 0 3 0 0 0 1 2 2 0 1 
0 3 0 0 3 0 1 3 3 1 1 2 0 0 3 2 3 3 0 3 3 0 1 2 2 2 1 3 3 0 3 1 0 0 0 0 0 1 2 2 3 3 2 1 1 0 3 0 3 0 
1 1 3 0 0 1 3 0 3 2 1 2 2 2 2 1 1 2 2 2 1 0 1 2 3 3 2 2 1 1 0 3 2 0 3 3 2 0 2 0 2 0 2 0 2 0 2 1 1 2 
1 1 3 1 1 2 2 1 3 0 0 3 2 1 1 2 1 3 2 1 3 2 0 2 2 3 0 3 0 0 0 1 2 1 1 3 0 2 1 1 1 1 3 0 2 2 1 1 3 3 
0 3 0 2 3 2 2 0 1 1 0 2 3 
fc:-338745 burst10
burst interval: 301728 ~ 302048
1 0 3 3 3 0 3 0 1 1 0 1 1 1 3 1 1 0 2 1 1 0 2 0 3 0 0 
fc:-338745 burst11
burst interval: 309936 ~ 311836
1 1 0 0 2 1 3 3 0 2 1 0 1 1 2 0 3 0 1 1 1 3 2 0 0 1 1 3 2 2 3 3 0 3 3 0 2 0 1 3 1 2 2 3 0 3 0 1 0 2 
2 2 1 1 1 1 0 1 0 0 2 3 0 3 1 3 2 1 1 0 1 1 
fc:-338745 burst12
burst interval: 329536 ~ 346508
2 1 3 0 3 1 3 3 0 1 0 3 3 2 1 0 1 0 0 1 1 3 2 3 3 1 0 3 3 1 3 3 0 1 0 1 1 3 3 3 2 2 3 0 0 1 1 0 0 0 
2 1 3 3 3 2 3 1 2 0 0 1 0 0 0 2 2 1 0 2 1 1 2 3 1 0 3 0 3 1 0 1 2 1 1 2 1 0 3 1 1 2 1 3 2 0 1 1 3 3 
0 0 2 2 1 3 0 2 1 1 0 0 0 1 0 1 3 3 3 0 0 0 3 2 0 0 0 1 3 3 1 1 2 3 0 2 1 0 0 0 1 0 2 2 0 2 1 0 0 3 
0 0 0 2 3 3 0 0 0 1 1 0 3 3 3 3 3 2 2 1 2 0 1 2 0 2 1 1 1 1 0 0 2 0 2 2 1 2 0 0 1 2 0 0 3 0 1 1 2 1 
1 3 3 0 0 2 2 0 1 1 2 1 1 1 0 0 0 0 0 3 3 2 0 1 2 2 2 2 1 1 0 1 3 1 2 3 0 0 3 3 3 2 1 1 2 1 2 3 3 1 
1 2 2 2 1 2 1 0 2 2 3 3 1 0 0 0 2 0 0 1 1 2 3 2 3 3 3 2 2 2 2 2 3 0 3 3 1 1 0 3 2 2 3 0 1 2 2 0 1 1 
0 0 1 1 0 0 2 0 1 1 1 3 2 1 1 1 3 3 0 3 0 2 2 3 2 2 1 3 2 1 2 0 2 2 3 1 1 1 1 3 0 1 2 2 1 0 3 3 3 3 
2 1 1 1 2 1 1 3 2 0 1 2 3 3 3 0 2 1 1 2 3 3 3 0 0 2 2 2 2 1 0 0 1 1 1 0 3 3 3 2 2 1 3 3 3 0 0 1 3 3 
1 3 1 0 0 1 1 0 3 1 2 0 0 2 2 3 1 0 0 0 2 1 1 1 1 2 0 0 1 0 0 2 3 0 2 3 0 1 3 0 3 2 0 0 2 3 2 3 3 1 
0 0 0 0 2 2 3 3 1 0 3 2 2 2 3 1 2 0 2 2 2 3 1 1 3 3 2 0 2 3 0 2 2 1 1 1 2 3 1 1 2 3 0 0 0 0 1 2 2 2 
1 1 2 3 0 3 2 2 2 1 0 0 3 3 2 1 3 2 0 0 2 3 0 1 3 3 1 3 2 3 3 2 2 0 1 2 1 1 2 3 2 2 0 2 1 1 2 0 2 3 
3 0 0 3 2 1 0 3 2 3 3 0 1 1 3 1 1 2 3 1 0 0 1 1 1 3 0 2 3 3 3 1 3 3 3 2 2 3 3 2 1 1 0 0 0 0 1 0 2 0 
3 2 0 0 1 3 2 1 1 3 2 3 3 2 1 0 1 0 1 0 2 1 0 1 0 3 1 0 1 3 3 2 1 0 0 1 2 0 2 0 2 0 2 0 2 0 1 0 2 2 
2 
fc:-338745 burst13
burst interval: 348208 ~ 362380
2 1 3 0 3 1 3 0 0 1 3 3 3 1 2 0 1 0 0 1 1 3 2 3 3 1 0 3 3 3 0 2 1 0 0 1 1 2 2 0 2 2 1 0 0 2 2 3 2 3 
0 0 3 0 0 0 0 3 0 1 3 3 2 2 2 2 0 0 0 0 2 2 1 2 2 1 2 2 0 3 2 3 2 0 0 3 2 3 2 3 2 2 1 3 0 0 3 0 1 2 
1 2 0 2 1 1 2 3 2 0 2 3 2 0 3 2 3 3 2 2 0 0 1 2 1 1 2 2 3 2 1 1 0 3 3 0 1 1 1 2 3 3 0 1 1 3 2 3 3 2 
2 2 1 3 0 1 1 2 3 0 1 1 0 2 1 3 0 3 3 1 3 2 2 3 0 0 2 0 0 0 1 1 0 0 0 0 0 3 2 1 2 2 3 0 1 1 1 2 0 1 
0 1 3 3 3 0 1 2 3 2 3 0 2 1 2 2 3 3 3 3 3 0 0 2 2 3 2 3 3 0 1 3 3 2 1 1 0 0 0 0 1 2 2 1 0 3 0 1 0 0 
0 1 2 0 0 0 0 2 0 0 0 3 0 1 1 1 2 0 1 1 1 2 0 1 2 2 2 1 3 0 1 1 0 1 2 2 3 3 1 1 0 3 3 1 3 3 2 0 0 3 
3 0 3 2 3 1 2 3 0 0 3 2 1 1 0 3 2 0 0 3 2 2 2 1 1 2 2 3 2 3 1 1 1 2 0 3 2 1 2 3 3 3 1 3 2 2 3 3 0 2 
1 0 0 3 2 1 0 3 3 1 0 1 2 2 3 3 0 0 3 2 1 0 0 2 2 3 0 3 2 0 1 1 1 3 3 3 2 2 3 0 2 3 3 3 0 3 0 2 1 1 
0 3 2 0 3 2 2 3 2 0 0 0 1 3 2 2 3 0 1 0 0 1 1 2 2 1 3 2 0 1 0 2 1 1 0 1 0 1 0 0 2 1 0 2 3 1 2 1 3 2 
2 0 0 1 0 3 1 0 3 3 2 2 0 2 1 1 2 3 0 1 0 0 0 3 0 0 1 0 2 1 0 0 2 1 1 2 1 2 1 1 0 1 0 2 2 0 3 1 1 3 
2 1 3 0 0 3 0 3 1 0 3 2 3 0 1 2 2 0 1 0 2 0 2 0 2 0 2 3 3 0 3 1 2 3 0 0 0 0 1 3 2 0 0 1 
fc:-338745 burst14
burst interval: 363860 ~ 374580
2 1 3 0 3 1 3 3 0 1 0 3 3 1 2 0 1 0 0 1 1 3 2 3 0 1 0 3 1 0 2 1 2 2 0 0 3 0 1 3 0 3 0 2 1 2 3 2 0 3 
0 0 2 3 2 1 3 0 1 2 2 0 3 3 3 0 2 0 1 0 1 3 0 2 0 1 1 1 3 1 0 3 2 2 2 1 2 1 1 0 2 2 1 3 2 2 0 0 2 1 
2 2 3 3 2 1 2 3 2 1 0 2 2 1 2 3 2 2 1 0 3 2 2 0 0 0 0 3 1 2 0 0 1 2 2 1 1 2 0 1 0 0 0 0 0 1 0 1 2 3 
3 3 0 2 1 2 2 3 2 0 2 0 2 2 1 0 3 0 2 3 0 0 3 2 1 3 2 3 3 3 3 3 0 2 0 2 0 0 1 1 1 2 0 2 1 0 1 1 0 3 
1 0 0 0 3 1 1 3 3 3 3 3 3 0 0 0 3 3 1 1 0 0 1 1 1 0 2 0 0 3 3 3 3 1 1 1 1 0 3 1 1 1 1 0 2 0 0 3 3 3 
3 2 2 2 1 3 3 2 0 1 1 2 0 2 3 2 3 3 1 2 1 1 3 1 0 2 2 2 1 3 2 1 1 0 0 1 2 1 0 0 1 2 0 1 3 0 2 1 0 3 
1 1 1 0 2 2 1 2 2 2 3 0 0 2 0 2 0 0 0 2 2 2 0 1 2 2 1 3 1 1 3 1 0 0 0 1 3 0 0 2 2 2 1 3 3 3 2 2 2 2 
0 3 2 2 3 3 3 3 2 2 1 1 0 2 3 1 1 3 2 2 3 0 1 1 3 3 2 2 3 0 0 3 2 3 0 3 3 1 2 3 0 2 2 2 2 2 0 0 2 0 
1 2 2 3 0 2 0 3 1 2 0 
fc:-338745 burst15
burst interval: 376352 ~ 393164
2 1 3 0 3 1 3 3 0 1 0 3 3 1 2 0 1 0 0 1 1 3 2 3 3 1 0 3 2 3 0 3 1 0 0 3 2 3 2 1 1 1 3 0 2 3 3 3 0 0 
2 1 1 2 0 2 2 3 0 1 2 0 0 2 1 3 3 3 1 3 2 3 3 3 1 0 0 0 0 2 2 3 3 3 0 0 1 1 1 2 1 1 1 1 3 2 2 0 2 2 
2 2 0 2 0 3 1 1 3 1 0 1 3 1 0 1 1 1 1 1 3 2 2 2 2 0 0 0 0 3 3 1 1 0 1 1 1 2 2 2 0 0 0 1 1 2 0 2 0 3 
0 0 1 2 2 2 1 2 0 0 0 1 2 0 2 0 2 3 3 0 1 0 0 2 0 3 2 3 3 2 0 1 2 2 1 3 3 2 0 0 2 0 3 0 2 3 2 1 1 3 
1 1 3 2 2 1 0 1 1 1 2 2 0 3 1 1 3 3 3 3 2 0 3 1 1 1 3 2 3 0 1 3 3 1 2 1 0 2 2 2 3 0 0 1 0 0 0 3 0 2 
3 2 2 1 1 0 0 0 2 0 2 2 0 1 0 0 2 3 3 3 1 0 0 0 1 1 1 0 2 2 3 1 1 2 0 3 1 3 3 2 2 2 3 3 0 0 0 1 0 3 
2 3 1 1 1 3 3 2 2 3 0 2 3 1 2 3 0 1 3 3 0 0 3 0 0 3 1 3 1 1 3 1 3 2 1 0 1 2 1 1 0 0 1 2 2 3 2 2 3 2 
3 3 3 1 1 2 3 1 2 1 0 3 1 1 3 3 3 3 1 0 1 3 1 3 0 1 1 3 0 0 3 0 1 0 1 2 1 1 3 1 1 3 3 0 1 3 2 1 2 1 
3 3 3 0 1 2 3 0 3 1 1 2 0 1 2 1 3 1 1 2 2 0 3 3 2 3 0 2 1 0 0 0 1 0 0 0 3 2 1 3 2 2 1 0 2 1 3 2 1 2 
3 1 1 1 2 3 0 1 3 3 3 2 3 0 3 3 0 1 0 3 2 0 2 0 0 1 1 0 1 2 1 1 2 2 0 0 3 0 3 2 2 0 0 2 1 3 2 2 0 0 
0 1 1 0 0 1 1 2 0 2 2 0 1 3 1 1 1 1 0 3 2 2 2 0 2 1 1 1 2 1 3 3 3 3 1 1 2 2 2 1 0 0 0 1 2 0 1 1 2 3 
2 2 1 0 1 1 0 2 2 3 0 0 0 2 0 0 1 1 1 3 2 2 3 1 2 3 1 0 2 3 1 1 1 1 1 1 3 0 2 3 2 1 0 0 0 3 3 3 1 3 
2 2 1 0 2 2 3 0 3 1 2 1 3 3 2 0 3 2 0 3 3 1 3 1 2 2 2 3 3 2 0 3 2 0 0 2 1 0 2 0 3 0 2 0 3 
fc:-338745 burst16
burst interval: 395036 ~ 405400
2 1 3 0 3 1 3 3 0 1 3 3 3 1 2 0 0 0 0 1 1 3 2 3 3 1 3 3 1 3 2 2 3 0 1 3 2 3 1 3 0 1 1 3 2 1 0 1 3 3 
1 0 2 0 2 2 2 3 2 1 2 1 2 3 0 3 1 2 0 1 0 0 0 3 0 1 3 2 1 3 1 1 1 0 2 0 2 2 3 1 1 1 3 3 2 3 0 0 2 1 
2 3 3 0 3 0 3 2 3 2 0 3 3 2 1 3 3 3 2 1 3 2 2 2 1 2 2 0 2 3 0 0 1 3 3 3 0 3 3 3 3 3 2 1 0 3 2 3 0 3 
3 2 0 3 0 2 2 3 3 0 3 3 3 0 1 1 2 1 2 2 2 0 0 2 2 2 2 0 3 3 1 3 3 2 1 1 3 3 0 1 3 3 3 0 1 2 1 1 2 2 
0 0 2 0 0 0 2 2 0 0 1 2 2 3 0 2 3 0 3 3 3 2 2 0 2 1 1 3 2 3 2 2 2 2 2 1 2 1 3 3 1 3 3 0 2 0 0 3 0 0 
0 1 1 2 2 1 0 1 0 0 2 3 3 1 3 2 2 0 3 2 1 1 1 2 1 1 3 3 1 0 1 2 2 0 1 1 0 1 3 2 2 3 0 1 1 0 0 1 0 1 
1 0 2 1 2 2 3 2 3 2 2 0 1 1 2 2 0 1 2 3 0 3 2 2 2 0 1 3 0 1 0 1 1 1 3 3 2 3 0 0 3 1 1 1 1 2 3 1 2 3 
0 0 3 0 2 2 3 0 0 3 2 1 3 1 3 3 1 2 1 3 3 0 3 1 0 0 1 2 1 0 1 0 0 0 0 3 2 3 0 1 3 2 1 1 2 2 0 
fc:-338745 burst17
burst interval: 407536 ~ 417668
2 1 3 0 0 1 3 3 0 0 0 3 3 1 2 0 1 0 0 1 1 3 2 3 3 1 3 2 2 0 3 1 1 2 1 3 0 0 3 2 3 3 2 3 0 3 0 2 1 0 
3 0 2 1 2 2 3 2 1 1 3 0 2 3 3 3 2 2 1 1 1 3 3 3 0 0 1 2 2 2 2 2 1 3 3 0 2 2 3 2 2 0 1 1 3 2 2 0 1 2 
3 2 1 3 0 1 1 0 1 2 3 0 1 2 2 1 1 3 2 3 3 3 3 3 1 0 3 3 3 1 2 0 0 2 2 1 1 1 0 0 0 3 1 0 2 1 0 1 1 1 
1 3 1 2 3 2 2 3 3 3 2 1 3 0 1 3 2 0 3 3 3 0 0 2 2 2 1 0 3 3 3 0 3 2 3 0 2 1 0 1 1 3 1 1 0 0 0 2 3 2 
1 0 1 1 3 2 0 0 3 3 0 2 2 2 3 2 2 2 1 2 2 2 1 0 0 2 2 3 2 3 3 3 3 1 1 1 2 2 1 2 0 0 0 1 2 2 3 0 3 3 
0 3 2 2 1 1 0 2 0 0 3 0 0 3 3 0 0 2 0 1 1 0 1 1 0 3 3 0 0 0 3 2 2 1 0 3 3 1 2 1 0 0 0 0 1 1 2 2 3 1 
0 0 1 1 2 3 3 1 0 0 0 1 2 2 2 2 3 1 1 0 1 1 2 1 2 3 0 2 0 0 1 1 3 1 1 2 0 3 2 0 1 3 1 1 3 3 3 2 0 3 
3 0 1 3 2 3 1 1 0 0 3 2 2 3 2 0 0 3 1 0 3 1 1 1 3 1 1 1 2 3 1 1 2 2 3 3 3 3 
fc:-338745 burst18
burst interval: 420016 ~ 429740
2 1 3 0 3 1 3 3 0 1 3 3 3 1 2 0 1 0 0 1 1 3 2 3 3 1 0 3 2 0 0 1 1 1 3 0 2 1 1 3 0 1 0 3 1 0 0 3 1 3 
1 0 2 2 1 0 3 0 0 3 2 1 2 3 3 2 0 1 0 3 3 3 0 2 0 1 2 0 0 2 1 3 0 2 1 0 2 3 2 2 3 3 0 0 3 0 0 1 2 3 
3 0 3 1 1 3 1 1 3 2 3 2 3 2 2 2 2 0 0 3 3 2 1 3 3 2 3 2 2 1 1 0 1 2 0 1 2 2 0 1 2 3 3 1 3 1 0 3 2 3 
0 0 3 2 2 2 3 2 1 0 0 3 1 2 3 3 2 3 3 1 3 3 2 2 0 1 1 0 3 3 1 0 0 0 0 1 1 2 2 1 1 3 3 1 0 1 1 1 2 1 
1 0 3 3 3 1 1 3 0 2 1 3 2 3 3 0 1 0 1 2 3 0 1 0 0 0 3 1 2 0 0 0 0 0 1 1 1 1 3 3 0 2 2 1 1 2 0 0 0 1 
2 2 3 2 3 0 1 2 0 0 2 2 1 0 3 1 2 2 1 2 2 1 3 3 0 1 1 2 2 1 1 1 2 3 0 2 2 0 1 1 1 0 0 0 2 1 1 3 2 3 
0 3 2 0 2 3 1 0 3 3 1 1 1 3 3 2 0 2 1 2 3 3 3 3 0 2 1 3 0 0 1 1 1 0 2 2 2 3 0 2 2 0 2 3 3 3 1 2 0 3 
0 0 3 3 0 2 3 2 1 3 2 1 3 3 3 3 3 1 2 1 3 0 3 
fc:-338745 burst19
burst interval: 432508 ~ 442856
2 1 0 0 3 1 3 3 0 1 0 3 3 1 2 0 1 0 0 1 1 3 2 3 3 1 3 3 2 0 2 0 2 1 1 1 2 1 2 3 0 3 2 0 0 1 3 1 2 2 
3 0 2 0 0 3 2 3 0 1 3 3 3 3 2 2 2 2 1 0 3 2 1 2 0 1 0 0 2 2 1 1 1 1 2 1 2 3 2 2 2 2 2 2 3 3 3 0 2 2 
3 3 2 2 0 0 1 2 3 1 0 0 2 0 0 1 1 0 0 0 3 2 2 3 2 3 0 1 0 3 2 0 1 2 0 0 1 0 2 2 2 0 1 1 3 1 1 2 2 1 
1 0 1 0 1 3 2 2 2 2 1 0 1 1 2 3 3 1 2 2 1 3 0 2 1 1 3 3 3 3 2 2 2 2 1 2 0 0 1 1 0 2 2 2 2 3 3 2 0 3 
0 1 3 3 2 2 1 2 2 2 0 2 2 3 0 2 2 1 2 3 1 2 2 1 0 0 0 0 0 0 3 3 3 3 0 1 1 0 0 0 0 2 0 0 1 2 1 3 2 1 
2 2 2 1 1 3 3 3 0 0 3 2 2 3 3 3 2 1 0 2 2 0 2 0 0 0 1 1 2 2 1 1 2 3 1 1 0 2 2 3 2 2 3 0 2 2 2 3 0 3 
3 3 3 3 1 2 2 2 2 1 0 0 3 2 0 2 0 0 3 3 0 3 3 1 3 2 1 3 2 1 1 3 2 1 2 1 2 1 0 0 2 0 1 2 3 2 2 1 2 2 
2 0 0 2 1 3 0 0 0 0 0 0 0 0 1 1 2 1 1 2 1 3 3 1 0 0 1 3 0 1 1 1 2 2 2 3 3 2 2 1 2 0 1 0 1 2 0 
fc:-338745 burst20
burst interval: 444980 ~ 455508
2 1 3 0 3 1 3 3 0 1 0 3 3 1 2 0 1 0 0 1 1 3 2 3 3 1 0 0 3 2 2 1 3 1 1 3 3 2 1 3 1 0 2 3 3 0 2 3 3 1 
0 0 2 0 2 0 2 0 0 2 2 1 2 3 2 2 1 0 2 2 1 0 1 3 2 0 3 3 2 1 2 0 0 3 0 0 3 0 0 2 1 0 0 0 0 3 1 1 2 2 
2 2 2 2 3 0 0 3 0 3 3 3 1 0 3 2 2 1 2 2 2 3 2 2 0 0 1 2 1 1 3 0 0 3 0 1 0 1 1 2 0 3 0 3 0 0 3 2 1 1 
1 1 3 3 3 1 1 0 2 3 3 1 3 2 3 0 1 3 3 2 0 3 0 3 0 1 1 2 0 3 0 1 0 3 0 2 2 2 2 0 0 0 3 2 2 0 2 3 1 1 
2 0 1 1 1 2 1 1 1 3 3 2 1 2 2 2 2 1 1 0 2 2 0 0 0 3 0 0 3 0 2 1 1 1 3 3 1 2 1 1 3 0 2 3 1 1 1 1 1 1 
1 1 1 3 3 3 3 3 3 1 3 0 0 0 0 0 2 1 1 2 2 1 1 2 0 0 3 3 0 2 2 1 2 0 1 3 2 3 2 1 0 0 1 2 2 1 1 1 1 0 
0 3 0 0 1 1 0 3 3 1 1 1 0 2 2 2 1 2 2 2 0 1 2 1 3 3 3 2 3 1 3 3 1 1 3 1 1 0 1 1 1 3 3 2 1 2 3 0 0 2 
3 1 2 2 0 0 3 3 2 3 0 1 3 1 2 2 0 0 1 0 0 2 1 0 0 1 0 1 2 1 0 1 2 2 0 2 2 3 2 0 0 1 1 2 0 3 3 2 2 1 
2 3 2 
fc:-338745 burst21
burst interval: 457460 ~ 467980
2 1 3 0 3 1 3 3 0 1 0 3 3 1 2 0 1 0 0 1 1 3 2 3 0 1 0 3 1 0 3 0 1 1 0 2 1 0 3 3 3 3 1 2 3 1 1 2 1 2 
2 0 2 0 1 3 2 1 2 3 2 0 2 3 3 3 2 2 2 1 1 0 0 3 0 0 3 2 0 0 3 3 3 1 3 0 2 2 0 3 2 2 0 2 3 0 2 0 1 2 
0 0 3 0 1 3 2 1 3 2 0 1 0 2 0 2 0 2 1 3 3 3 3 3 3 3 3 0 2 1 1 1 0 2 2 0 0 3 2 3 1 2 2 0 3 3 3 1 0 2 
1 3 0 2 3 3 1 0 0 3 0 3 0 0 1 3 3 0 0 0 2 2 3 0 1 0 3 3 3 3 2 3 3 3 3 0 0 2 1 0 0 1 1 2 2 1 3 2 2 0 
0 0 0 3 3 2 2 0 1 2 2 3 3 3 3 0 1 2 2 3 3 3 0 0 0 2 2 2 2 0 3 0 1 0 0 1 2 2 0 0 3 0 0 0 2 1 1 0 0 1 
2 1 2 3 2 0 1 2 0 2 2 2 0 0 1 3 2 1 0 2 1 0 0 2 1 1 3 2 2 2 1 1 1 1 2 1 1 1 3 2 3 2 0 2 2 1 1 0 2 0 
0 1 1 1 3 3 0 0 1 1 0 2 0 0 2 3 3 3 3 0 1 3 2 1 0 1 0 0 1 1 0 3 3 3 3 1 0 0 0 3 3 3 3 3 0 1 3 1 1 2 
0 3 3 0 1 1 0 3 0 3 0 3 2 3 2 2 3 2 0 3 3 0 3 1 2 3 3 0 2 1 1 3 3 2 1 3 2 2 3 2 2 2 2 1 1 3 3 0 2 2 
0 3 0 
fc:-338745 burst22
burst interval: 469944 ~ 479952
2 1 3 0 3 1 3 3 0 1 3 3 3 2 2 1 1 3 0 1 3 3 2 3 3 1 3 3 2 1 1 1 2 0 2 0 3 0 1 0 3 3 0 0 3 2 2 3 3 0 
3 3 1 0 1 3 2 3 3 2 3 1 3 0 3 1 2 3 1 1 3 3 3 0 1 3 3 3 0 3 1 0 3 2 0 1 2 1 1 0 2 1 3 3 1 2 2 2 1 0 
1 1 1 0 0 3 2 2 2 2 2 1 1 0 0 0 0 1 3 3 1 0 1 1 1 0 0 1 2 1 0 0 2 1 2 1 1 1 3 3 3 0 0 1 2 2 0 3 0 3 
1 0 3 0 1 1 2 2 3 0 2 2 1 0 3 3 1 1 3 2 1 3 3 3 3 0 2 0 0 2 2 0 3 2 1 2 1 0 0 0 3 2 0 0 1 3 3 3 3 2 
2 2 1 1 3 2 1 3 2 0 0 1 1 0 0 2 1 3 2 1 2 3 1 0 0 0 0 2 0 1 2 3 3 2 1 0 0 0 2 3 2 3 0 2 2 3 1 1 0 1 
2 3 2 3 3 2 3 3 3 0 0 0 3 1 1 3 3 3 3 3 3 0 3 1 2 3 2 3 2 0 1 1 0 1 0 1 2 3 3 0 3 1 1 0 1 0 0 3 2 2 
3 1 0 0 0 3 2 3 2 2 0 3 0 2 2 1 0 1 2 3 1 3 0 2 1 2 1 1 2 0 0 2 1 2 1 3 3 0 2 1 0 3 0 2 2 1 1 1 2 2 
2 3 0 2 0 3 0 3 3 3 2 2 0 2 0 0 1 0 1 1 0 0 3 2 3 0 1 3 3 3 0 3 1 
fc:-338745 burst23
burst interval: 482428 ~ 492760

fc:-338745 burst24
burst interval: 494904 ~ 505156

