0
0
0
0
0
0
0
0
0
0
0
0
0
-0.030606863513475
-0.0289910579324812
-0.0265529401881069
-0.0232912166435187
-0.0192229521956598
-0.0143842230141396
-0.00883039969218268
-0.00263603859179811
0.00410563372322847
0.0112836504158876
0.0187706480509282
0.0264246150792509
0.0340910277744926
0.0416053479113053
0.0487958483566267
0.0554867250298309
0.0615014465390277
0.0666662863757598
0.0708139769953466
0.0737874205579961
0.0754433876728648
0.0756561332706883
0.074320857806108
0.0713569424106191
0.0667108884084561
0.0603588947720003
0.0829158751186285
0.0715938714831911
0.0578694842311971
0.0418529061112946
0.0237079036124095
0.00365181821107012
-0.0180454369191771
-0.0410634070282461
-0.0650341564994651
-0.0895463447444598
-0.114150282432443
-0.138363913838992
-0.161679652186789
-0.183571976759874
-0.203505683666143
-0.220944666747852
-0.235361091622907
-0.246244814478381
-0.253112888295205
-0.25551899288202
-0.253062621614187
-0.245397857238891
-0.23224157159402
-0.213380889616998
-0.188679766553114
-0.158084538717739
-0.152235185887025
-0.108425209981584
-0.0582697088823596
-0.00207420578293308
0.0597464367483258
0.126669945361149
0.198070417311116
0.273223948458353
0.351316069274447
0.431450917751948
0.5126620461137
0.593924727318189
0.674169598133842
0.752297448570351
0.827194943238135
0.897751039245678
0.962873847974764
1.02150767487157
1.07264996256449
1.1153678584002
1.14881412803039
1.17224214205026
1.185019672869
1.18664125387516
1.17673887235506
1.15509079125308
1.15223518588703
1.10543146251693
1.0463288146843
0.975334570041092
0.893031664526655
0.800174339450224
0.697681089105086
0.586624917059826
0.468221004994837
0.343811942641245
0.214850710238157
0.0828816451796366
-0.0504803385618501
-0.183571976759874
-0.314704997291082
-0.442190225766481
-0.564362084293508
-0.679603101864086
-0.786368049789507
-0.883207316970092
-0.96878914763845
-1.04192037847804
-1.10156533250827
-1.1468625535468
-1.17713909700622
-1.19192212975148
-1.22155449665542
-1.20315710646267
-1.16829769282896
-1.11735851724747
-1.05095237831457
-0.969916063418426
-0.875300323046408
-0.76835648938385
-0.650519916294695
-0.523390470743866
-0.388710355322037
-0.248339586897658
-0.104229496747666
0.0416053479113053
0.187116372878785
0.33025092700674
0.468982449911993
0.601340407535514
0.725439527013271
0.839507871350048
0.94191331102709
1.03118797367497
1.10605028392502
1.16542424301457
1.20845564104931
1.23452494330219
1.27386350826058
1.26351600123467
1.23500858123742
1.18871545965809
1.12527323612068
1.04557219668911
0.950743710719273
0.842143909941846
0.721333893290042
0.590056757119626
0.450211801861065
0.303826311927489
0.153025345104293
-2.08166817117217e-17
-0.153025345104293
-0.303826311927489
-0.450211801861065
-0.590056757119626
-0.721333893290042
-0.842143909941846
-0.950743710719273
-1.04557219668911
-1.12527323612068
-1.18871545965809
-1.23500858123742
-1.26351600123467
-1.30447037177405
-1.26351600123467
-1.23500858123742
-1.18871545965809
-1.12527323612068
-1.04557219668911
-0.950743710719273
-0.842143909941846
-0.721333893290042
-0.590056757119626
-0.450211801861065
-0.303826311927489
-0.153025345104293
2.08166817117217e-17
0.153025345104293
0.303826311927489
0.450211801861065
0.590056757119626
0.721333893290042
0.842143909941846
0.950743710719273
1.04557219668911
1.12527323612068
1.18871545965809
1.23500858123742
1.26351600123467
1.2432566447471
1.20553388536971
1.1819027008612
1.14213302637105
1.08682733172936
1.01680375066084
0.933082911334908
0.83687183275825
0.729545160736499
0.612624057951401
0.487753097962921
0.356675542085991
0.221207400653278
0.0832106958226107
-0.0554336483910394
-0.192852861867827
-0.327208908783009
-0.456724184368106
-0.579705939299349
-0.694569068825854
-0.799856935373543
-0.894259930147738
-0.976631520508459
-1.04600157483685
-1.10158680442051
-1.14279821169067
-1.13863862153679
-1.12032825826829
-1.11926961277502
-1.1050096474355
-1.07785742889586
-1.03826856026697
-0.986834584557627
-0.924270723998338
-0.851402206288972
-0.769149446608546
-0.67851236672595
-0.580554139605473
-0.476384649477871
-0.367143953519748
-0.253986022227993
-0.138063021568216
-0.02051038138475
0.0975671281628645
0.215108116699632
0.331105924177806
0.444618467490899
0.554776482211334
0.660790092932635
0.761953680424094
0.85764904813119
0.94734692379919
1.06121372702695
1.10464769713646
1.17157504384891
1.23114948137926
1.28321201400865
1.32768053343969
1.36454534472587
1.39386388404215
1.41575476439248
1.43039129179175
1.43799459798661
1.43882653640536
1.43318248582299
1.42138420131809
1.40377284465872
1.38070231650421
1.35253300101041
1.319626019872
1.28233807784824
1.24101696574256
1.19599776999577
1.14759982087004
1.09612439400511
1.04185316327099
0.985047386655787
0.9259477917275
0.895381976789693
0.862141296697771
0.79501596004501
0.724830301488543
0.651820190099136
0.576241291817473
0.498370140713619
0.418504815417895
0.336965162252105
0.254092516820009
0.170248887378279
0.0858155759512662
0.00119122659659945
-0.0832106958226107
-0.166964978858838
-0.24963825616943
-0.330793076558191
-0.409992390403304
-0.486804383689255
-0.560807579350291
-0.631596116674983
-0.69878511233057
-0.762016001320032
-0.820961753022743
-0.875331856485708
-0.924876970376809
-1
-1.06913553469388
-1.10078635511818
-1.12555897549357
-1.14354020122993
-1.15490345729218
-1.15990689615742
-1.15889015168607
-1.15226976484931
-1.14053333038308
-1.12423243614552
-1.10397448882622
-1.08041354028515
-1.05424024779834
-1.02617111849071
-0.99693720290966
-0.967272414740793
-0.937901662834985
-0.909528987802068
-0.882825898278109
-0.858420101497496
-0.836884818961911
-0.818728870820607
-0.804387702145266
-0.794215510742685
-0.788478619700984
-0.81795708227985
-0.788478619700984
-0.794215510742685
-0.804387702145266
-0.818728870820606
-0.836884818961911
-0.858420101497496
-0.882825898278109
-0.909528987802068
-0.937901662834985
-0.967272414740793
-0.99693720290966
-1.02617111849071
-1.05424024779834
-1.08041354028515
-1.10397448882622
-1.12423243614552
-1.14053333038308
-1.15226976484931
-1.15889015168607
-1.15990689615742
-1.15490345729218
-1.14354020122993
-1.12555897549357
-1.10078635511818
-1.06913553469388
-1
-0.924876970376809
-0.875331856485708
-0.820961753022743
-0.762016001320032
-0.69878511233057
-0.631596116674983
-0.560807579350291
-0.486804383689255
-0.409992390403304
-0.330793076558191
-0.24963825616943
-0.166964978858838
-0.0832106958226107
0.00119122659659945
0.0858155759512662
0.170248887378279
0.254092516820009
0.336965162252105
0.418504815417895
0.498370140713619
0.576241291817473
0.651820190099136
0.724830301488543
0.79501596004501
0.862141296697771
0.895381976789693
0.9259477917275
0.985047386655787
1.04185316327099
1.09612439400511
1.14759982087004
1.19599776999577
1.24101696574256
1.28233807784824
1.319626019872
1.35253300101041
1.3807023165042
1.40377284465872
1.42138420131809
1.43318248582299
1.43882653640536
1.43799459798661
1.43039129179175
1.41575476439248
1.39386388404215
1.36454534472587
1.32768053343969
1.28321201400865
1.23114948137926
1.17157504384891
1.10464769713646
1.06121372702695
0.94734692379919
0.85764904813119
0.761953680424094
0.660790092932635
0.554776482211334
0.444618467490899
0.331105924177806
0.215108116699632
0.0975671281628645
-0.0205103813847501
-0.138063021568216
-0.253986022227993
-0.367143953519748
-0.476384649477871
-0.580554139605473
-0.67851236672595
-0.769149446608546
-0.851402206288972
-0.924270723998338
-0.986834584557627
-1.03826856026697
-1.07785742889586
-1.1050096474355
-1.11926961277502
-1.12032825826829
-1.07742489450984
-1.08481609582571
-1.04848092404429
-0.999419141549814
-0.93818561611714
-0.865491484119459
-0.782196135989178
-0.689296991642258
-0.587917206745806
-0.479291485199882
-0.364750204884866
-0.245702092026329
-0.123615703940024
-2.08166817117217e-17
0.123615703940025
0.245702092026329
0.364750204884866
0.479291485199882
0.587917206745806
0.689296991642258
0.782196135989178
0.865491484119459
0.93818561611714
0.999419141549814
1.04848092404429
1.08481609582571
1.13863862153679
1.17831037413325
1.17237549315124
1.15159208072254
1.11630333328718
1.06703700629525
1.00449538394199
0.929542801181934
0.843190938842515
0.746582145776771
0.640971070624094
0.527704909446971
0.408202593928885
0.283933257697138
0.15639432551474
0.027089571508554
-0.102492511693305
-0.230899700914384
-0.356736070690325
-0.478680765293799
-0.595505242836629
-0.70608874875271
-0.809431808544851
-0.904667565245333
-0.991070824948103
-1.06806471334319
-1.10461802321031
-1.13187120837292
-1.18110225155888
-1.22169042702778
-1.25373601245083
-1.27744727780527
-1.29313287211879
-1.30119291561846
-1.30210898628646
-1.29643320396638
-1.28477662532544
-1.26779716904438
-1.24618729254738
-1.22066163944356
-1.19194487075294
-1.16075988312782
-1.1278166039207
-1.09380153641828
-1.05936820923922
-1.02512866221051
-0.99164607745886
-0.959428639475009
-0.928924682041503
-0.900519153679466
-0.874531407183383
-0.851214293380022
-0.800147651436256
-0.815702130937441
-0.803742718452652
-0.79492864779378
-0.789252869262786
-0.786651563327493
-0.787007628890411
-0.790154929854425
-0.795883209696052
-0.803943575009616
-0.81405444207962
-0.82590783554868
-0.839175925215099
-0.853517685923815
-0.868585566379368
-0.88403205544984
-0.899516039055819
-0.91470884692936
-0.929299896240288
-0.943001848154013
-0.955555203620506
-0.966732275897149
-0.976340489266322
-0.984224965902056
-0.990270375645777
-0.994402036346404
-0.965979401673513
-0.936419920481442
-0.937164495269564
-0.937642532615018
-0.937894584875002
-0.93796382986887
-0.937894404236141
-0.937729770970417
-0.937511163686745
-0.937276147761135
-0.937057335157676
-0.936881285608342
-0.936767621928353
-0.936728381746426
-0.936767621928353
-0.936881285608342
-0.937057335157676
-0.937276147761135
-0.937511163686745
-0.937729770970417
-0.937894404236141
-0.93796382986887
-0.937894584875003
-0.937642532615018
-0.937164495269564
-0.936419920481442
-0.965979401673513
-0.994402036346404
-0.990270375645777
-0.984224965902056
-0.976340489266322
-0.966732275897149
-0.955555203620506
-0.943001848154013
-0.929299896240288
-0.91470884692936
-0.899516039055819
-0.88403205544984
-0.868585566379367
-0.853517685923815
-0.839175925215099
-0.82590783554868
-0.81405444207962
-0.803943575009616
-0.795883209696052
-0.790154929854425
-0.787007628890411
-0.786651563327493
-0.789252869262786
-0.79492864779378
-0.803742718452651
-0.815702130937441
-0.861361378463207
-0.909196409244985
-0.927637287559597
-0.947101586966504
-0.967370586432822
-0.988197085503288
-1.00930687684323
-1.0304007393941
-1.05115694179276
-1.0712342355865
-1.09027530781885
-1.10791065296932
-1.12376281520396
-1.13745094362095
-1.14859559583413
-1.15682371898472
-1.16177373224738
-1.16310063121486
-1.16048103229577
-1.15361807450247
-1.14224609677306
-1.1261350112639
-1.10509429683861
-1.07897654220654
-1.04768047474197
-1.01115341882892
-1
-0.982859086241771
-0.928437736861922
-0.867544186309781
-0.800461905711352
-0.727553558358849
-0.649256916059348
-0.566079656533887
-0.478593116242798
-0.387425089571528
-0.293251780456335
-0.196789026010928
-0.098782923309853
2.08166817117217e-17
0.0987829233098529
0.196789026010928
0.293251780456335
0.387425089571528
0.478593116242798
0.566079656533887
0.649256916059348
0.727553558358849
0.800461905711352
0.867544186309781
0.928437736861922
0.982859086241771
1
1.01115341882892
1.04768047474197
1.07897654220654
1.10509429683861
1.1261350112639
1.14224609677306
1.15361807450247
1.16048103229577
1.16310063121486
1.16177373224738
1.15682371898472
1.14859559583413
1.13745094362095
1.12376281520396
1.10791065296932
1.09027530781885
1.0712342355865
1.05115694179276
1.0304007393941
1.00930687684323
0.988197085503288
0.967370586432823
0.947101586966504
0.927637287559597
0.909196409244984
0.922575105490157
0.873684246802404
0.856848598828865
0.841511081080817
0.827698773654106
0.815420009355772
0.804668428274776
0.795427007038021
0.787671942249595
0.78137627417784
0.776513145977764
0.773058605390178
0.770993869666114
0.770306990101205
0.770993869666114
0.773058605390178
0.776513145977764
0.78137627417784
0.787671942249595
0.795427007038021
0.804668428274776
0.815420009355772
0.827698773654106
0.841511081080817
0.856848598828865
0.873684246802404
0.922575105490157
0.909196409244985
0.927637287559597
0.947101586966504
0.967370586432822
0.988197085503288
1.00930687684323
1.0304007393941
1.05115694179276
1.0712342355865
1.09027530781885
1.10791065296932
1.12376281520396
1.13745094362095
1.14859559583413
1.15682371898472
1.16177373224738
1.16310063121486
1.16048103229577
1.15361807450247
1.14224609677306
1.1261350112639
1.10509429683861
1.07897654220654
1.04768047474197
1.01115341882892
0.969393136486525
0.95386802830929
0.901884796673815
0.844252969666262
0.781238953515692
0.71316933534471
0.640426516367166
0.563443617942089
0.482698749966027
0.398708739987416
0.312022428507263
0.223213641090179
0.132873951084346
0.0416053479113053
-0.0499870749532262
-0.141302300981097
-0.231750333917307
-0.320758803195769
-0.407779139247451
-0.492292235975891
-0.573813528386483
-0.651897425088161
-0.726141047905244
-0.796187243899162
-0.861726848453466
-0.922500191469771
-0.978297851908322
-0.997541663210691
-1.04291687088698
-1.08370606938228
-1.11983229761752
-1.15125163908111
-1.1779523330766
-1.19995355871431
-1.21730392134878
-1.23007967512754
-1.23838271857797
-1.24233840266521
-1.24209319247194
-1.23781222455822
-1.22967680215685
-1.21788186965751
-1.2026335063637
-1.18414647731337
-1.16264187609727
-1.13834489116013
-1.11148272311168
-1.0822826762008
-1.05097044241463
-1.01776859176226
-0.982895277295799
-0.946563158418723
-0.908978541139925
-0.838921713817606
-0.799379339248831
-0.759879474641161
-0.720536529680961
-0.681446427572483
-0.642688884802015
-0.60432987263616
-0.566424185974078
-0.529018045914812
-0.49215166472895
-0.455861705749973
-0.420183575905849
-0.385153495050602
-0.350810293760265
-0.317196899640205
-0.284361481248814
-0.252358228263028
-0.221247756275516
-0.191097134401861
-0.161979543472762
-0.133973581783289
-0.107162243973145
-0.081631606439656
-0.0574692595800346
-0.0347625329847977
-0.0135965643502318
0.0373667491737389
0.0552579897362019
0.0706670047957595
0.083599855981804
0.0940855906975139
0.102175846268457
0.107944151766028
0.111484934304512
0.112912241726861
0.112358198544852
0.109971216688191
0.105913986952889
0.100361280937264
0.0934975966378037
0.08551468368049
0.0766089863305865
0.0669790439126846
0.0568228890530082
0.0463354842118423
0.0357062363035425
0.0251166278172092
0.01473800077891
0.0047295271757429
-0.00476360385498332
-0.0136117556182286
-0.0217021480916784
-0.0603588947720003
-0.0667108884084561
-0.0713569424106191
-0.074320857806108
-0.0756561332706883
-0.0754433876728648
-0.0737874205579961
-0.0708139769953466
-0.0666662863757598
-0.0615014465390277
-0.0554867250298309
-0.0487958483566267
-0.0416053479113053
-0.0340910277744926
-0.0264246150792509
-0.0187706480509282
-0.0112836504158876
-0.00410563372322847
0.00263603859179811
0.00883039969218268
0.0143842230141396
0.0192229521956598
0.0232912166435187
0.0265529401881069
0.0289910579324812
0.030606863513475
0
0
0
0
0
0
0
0
0
0
0
0
