-3.27346740893451
-3.32975838041327
-3.42522911584463
-3.55086447190569
-3.69327170764365
-3.85430245960775
-4.04402673556508
-4.26767371534229
-4.52512123646025
-4.79567115923839
-4.96075321871536
-5.1956760131699
-5.37597427960726
-5.48760177391521
-5.53445345727992
-5.52973168970309
-5.48695243129579
-5.40966383147812
-5.29022385060074
-5.12029649696758
-4.89700753113892
-4.62380732199063
-4.309724366016
-3.97341535883555
-3.64331378837978
-3.34337963824391
-3.26655183769212
-3.02460835370239
-2.77377755846632
-2.50020488081504
-2.20126269241861
-1.88655457046821
-1.57869834178687
-1.31150302979938
-1.10789846288048
-0.967291817649243
-0.882809297525469
-0.846604342203258
-0.843990007638099
-0.855990881413095
-0.856155524471062
-0.819213758239252
-0.741848072353925
-0.665177376641505
-0.558904516260101
-0.461210939067709
-0.383654219431625
-0.341917842382683
-0.339381164491617
-0.373817978027607
-0.440743341543568
-0.530850464433663
-0.637410551177798
-0.751702815462906
-0.863584966338745
-0.973974526059838
-1.0890897562156
-1.21093430131668
-1.33788544500003
-1.41797101633743
-1.53593127915387
-1.63152509116265
-1.69722173903648
-1.72238002470606
-1.69659994976263
-1.61511275256656
-1.49095347199331
-1.3421211999771
-1.17649928217475
-1.00046826561244
-0.818464351930451
-0.627754161719956
-0.426804701956074
-0.218273982879571
-0.00751872305269785
0.196824663394567
0.335599474097878
0.500216164239679
0.598581139530332
0.613611725557247
0.540119264564023
0.38810291291607
0.180199262645871
-0.0506379041592449
-0.279012376793494
-0.50525171693046
-0.742771546820274
-1.00996213344017
-1.31934710953594
-1.65762054285757
-2.00300289436426
-2.33784063504823
-2.50341907696741
-2.7831346509313
-3.0164153063273
-3.20037342913951
-3.33028096406899
-3.3975247112633
-3.4010448555397
-3.35085088880251
-3.26090635521612
-3.14499645951095
-3.01136793541968
-2.85770462327704
-2.67330452757324
-2.44532624297235
-2.17002740643369
-1.85745283133005
-1.72506499533905
-1.39108474008001
-1.04330717720165
-0.681454685244251
-0.300702773832048
0.10421108200816
0.539729664459329
1.01490960621796
1.52752530055005
2.06280222243457
2.6053748414341
3.13534703522884
3.62559793565282
4.046709630077
4.37441812960807
4.60366493336636
4.7490274098199
4.72881015508658
4.81839417272673
4.8987469929716
4.97408346054004
5.02391782038374
5.01965909704752
4.94387824701847
4.78668095269478
4.54389766909489
4.22825755855456
3.86527654229685
3.48665502991439
3.12904905420664
2.82956579603632
2.61415772457409
2.48376802635189
2.49338840772131
2.44673294114657
2.4213089804946
2.41678955511073
2.43884309461902
2.49783590831637
2.60103551156553
2.75254146247178
2.96554867190982
3.24788874096586
3.58962171848531
3.97633920204709
4.39662318985235
4.84025498045314
5.30256863227693
5.78546284419847
6.28605893125033
6.54072371534582
7.07088865951022
7.57278636696392
8.01621335635716
8.37995226564755
8.65436367533716
8.843370490927
8.96058249305884
9.01205681212834
8.99107658345503
8.89026374883785
8.70004729176898
8.41381985401536
8.04914513715739
7.64283559251156
7.23203631804347
7.07299226757232
6.72595721098784
6.38500037021158
6.04073217591925
5.67826999020135
5.27971707962238
4.82691810304879
4.30487282545545
3.71390624339094
3.06838377911194
2.3820461579348
1.67749379280187
0.991393831498645
0.356974894670885
-0.197896022154054
-0.659660517507913
-0.805975192632696
-1.16358724630355
-1.45987878983113
-1.68435851979188
-1.82262186416723
-1.86925440999075
-1.8266526802496
-1.69976320255323
-1.50076491631988
-1.24044843433842
-0.929442067639529
-0.594565594378412
-0.273857690713066
0.00170713598311164
0.214830314285802
0.363470578514029
0.460073014930335
0.478156063830825
0.543244184988409
0.587712399123842
0.60352902162418
0.562734069777807
0.43775772757895
0.218896094176817
-0.0899540215322227
-0.470024585576625
-0.8907652134565
-1.32705198095138
-1.75957484469434
-2.16860264910279
-2.53933621333314
-2.86795764436442
-3.16758953062257
-3.25871810066472
-3.56424102408696
-3.86560537477477
-4.15905813385215
-4.42759679785769
-4.65456751947058
-4.8366320352832
-4.97161190077435
-5.0523733239876
-5.06965812261578
-5.01695858802011
-4.89425337790274
-4.70077831637378
-4.43160558937082
-4.08873156046783
-3.68440082371945
-3.4960795443239
-3.03263604570415
-2.53077248707555
-2.00430475960186
-1.46210041141864
-0.897890152665109
-0.301738494502386
0.323055234407175
0.967776176036055
1.62560031985825
2.28866833520992
2.94793689147205
3.58561724650697
4.17748602931238
4.71227371520987
5.19193416316891
5.6164234923566
5.75321418195174
6.1075335829228
6.41197888995604
6.65517830687202
6.83443634172788
6.95622888800007
7.02484791171012
7.05264689531752
7.05650441312904
7.05350512204478
7.06065036266195
7.0786556303919
7.09413743956842
7.08531391509126
7.01242501442925
6.8337907768443
6.77406532961128
6.38052647707219
5.85895225569073
5.22221986822155
4.49172328236688
3.6995315840467
2.88053705962615
2.06405255660345
1.27061307987836
0.499399262970043
-0.272079555092146
-1.05790321377122
-1.85429722952939
-2.65293656732242
-3.44124036526778
-4.20264271412573
-4.9125131199899
-5.16540468314525
-5.74647345375204
-6.25170678833957
-6.69881998659076
-7.10405412122188
-7.47433744391039
-7.81330497221199
-8.12234771675138
-8.40064710486017
-8.63875362028328
-8.81861496008406
-8.92450879343392
-8.94194108880415
-8.86544294426363
-8.70531210018869
-8.47021591469779
-8.36073352905918
-8.04189086644513
-7.65414624437218
-7.19466078258303
-6.66275075366072
-6.06267545113232
-5.41250572482468
-4.74240193912889
-4.08084853694033
-3.4501824140691
-2.87242122012763
-2.37300151078805
-1.97577408532322
-1.69085125505789
-1.51497904378488
-1.44085192003848
-1.47151370337793
-1.50953332010789
-1.61626109621268
-1.78867092754548
-2.02440169293404
-2.32675645430072
-2.69370397146785
-3.11492860946336
-3.57404403065173
-4.04453608491484
-4.49344002948104
-4.89412622020721
-5.24418852814139
-5.56137071433302
-5.85725513742906
-6.13431331667379
-6.3996072347303
-6.49097317395524
-6.79387624216498
-7.09528786727868
-7.37727483072954
-7.63269658599544
-7.85818684866439
-8.05198617587061
-8.21786294769867
-8.36009472043895
-8.47659090765363
-8.56255270353313
-8.60989269800077
-8.6007818630156
-8.51608221485159
-8.34377975302163
-8.0802826408063
-7.92387640757131
-7.56948588886912
-7.18065377126709
-6.76622036217704
-6.32400771349595
-5.84837335729855
-5.3263409803949
-4.74355370850577
-4.09759742565195
-3.40599776398526
-2.70762263814956
-2.04252486303837
-1.44490288373366
-0.94548560789001
-0.553573824401493
-0.26407510421797
-0.0691582608984775
-0.0499707638620565
0.0672477280381584
0.126580537526957
0.118768264656083
0.0411568199071585
-0.105022866471029
-0.320633680337219
-0.606825968652168
-0.953295607529712
-1.33213269184817
-1.70147862140569
-2.01341071677186
-2.22897157176163
-2.32697395504116
-2.30406403074048
-2.17872776207501
-2.06990219752264
-1.84965383484132
-1.56874456291462
-1.23385089772697
-0.849729514368478
-0.424339994214819
0.0321489973507607
0.516643369255677
1.02505923908542
1.54082264339574
2.03932298580193
2.49753195689897
2.89708030973737
3.22573466131457
3.48236490038917
3.67314673610401
3.6689127167009
3.80697340328513
3.93799885285685
4.06853344994233
4.19716856514444
4.31291559264581
4.40386927069409
4.45770605419185
4.46215838431345
4.41871991157762
4.34128502000359
4.24475702769765
4.15338975182598
4.09808434693319
4.09242692492338
4.12591363562432
4.16702636348886
4.19502024137404
4.1652585892104
4.1138086086206
4.06788630306214
4.0448008443069
4.04728097898526
4.05987114783768
4.05200676449282
3.99000831166581
3.84984461295472
3.62839151274294
3.33867162318726
2.99581356527777
2.61146409929531
2.19363924779419
1.74869088383089
1.59624521083161
1.10021210393691
0.550147106163174
-0.0518649792422974
-0.699006046538323
-1.37351094927803
-2.04417616245663
-2.67827075773334
-3.25834932431997
-3.78409762350978
-4.26888808492184
-4.72863898881011
-5.16935785413912
-5.58610723921955
-5.96740997180512
-6.306118979371
-6.59598272973147
-6.67007027767034
-6.87470139155601
-7.04537129861175
-7.19653146362196
-7.33625001092379
-7.46096319182718
-7.54069441937091
-7.54513307737935
-7.46368131088395
-7.29397994951491
-7.03971790063802
-6.71128552617993
-6.32258554268415
-5.89309622328953
-5.44177547064011
-4.97268494153319
-4.79892380200376
-4.26803911710875
-3.68634345926935
-3.0695980912068
-2.4396975011707
-1.82395913793802
-1.24277008631405
-0.696402105755189
-0.165693485783991
0.373496060722028
0.93431419588928
1.51698193810548
2.10870746910131
2.6886261862709
3.23896450435341
3.74573259577632
3.90338672583655
4.35756898045351
4.8051352181944
5.24458909524732
5.65614750413725
6.0178978080675
6.31517911639693
6.54671969454604
6.72778062012592
6.87799861758199
7.01572917019593
7.15409343005871
7.29180430219983
7.41971265005362
7.5278145336425
7.59770243883665
7.60977111112242
7.59146976859952
7.52958449365348
7.43898694308225
7.3210592225733
7.17564813987058
6.99617828310762
6.77812723229018
6.52459189902534
6.23341346269975
5.90827031628761
5.56727387410452
5.2308036920164
4.91612759322661
4.6332864780213
4.38539558330259
4.16322079189529
4.13012011036914
3.88675339116178
3.60663729903784
3.29457547474338
2.97321237655736
2.66335213045984
2.37742752302295
2.11260735365475
1.85009925316325
1.57181823338908
1.27571357408039
0.980398029704985
0.715492465669769
0.509471172851674
0.384198058511198
0.350045550350758
0.399322257524972
0.478662107776385
0.58635347932195
0.714402470640041
0.868753944048882
1.06133509634855
1.29414334603924
1.55450756025866
1.83007580236253
2.1146106726238
2.40308103298063
2.68929026953828
2.96634986801341
3.23523701310276
3.51264423403278
3.82397574239496
4.18587991418934
4.3760164477071
4.81198021917842
5.24302650746118
5.64320279440926
6.00143147350775
6.32536189251006
6.61205089503771
6.84442508319665
7.00767627943849
7.08672188853352
7.07752062372962
6.99161765072903
6.83345985454317
6.5974312823286
6.27932519846753
5.87896560123092
5.71361622083677
5.20425042799588
4.60859557818798
3.93174016444944
3.18735191009744
2.39473577708665
1.57511158843964
0.748495650314626
-0.0683144018275844
-0.868237121878768
-1.647760637924
-2.40156385668035
-3.12714471966583
-3.81115690469369
-4.4300094236767
-4.96768392479926
-5.41107730563797
-5.53171203289805
-5.87156968719738
-6.15970798931749
-6.39338409351176
-6.56046461717153
-6.63669272964979
-6.59832275136342
-6.43138924319272
-6.12773864268181
-5.68724399666151
-5.11867287868393
-4.43279555210069
-3.64727948213752
-2.79069843306756
-1.8936052661619
-0.989926272637716
-0.630481080443155
0.22569332858159
1.07161976405308
1.9103086803008
2.73853921379784
3.53876357461094
4.2851155613152
4.95279054387543
5.52178329765705
5.97717064996205
6.31342198258333
6.53236215013864
6.63778455816662
6.6401917945802
6.56272934010523
6.43378064796579
6.27017566505053
6.23444136347816
6.02271438520931
5.72869675720519
5.34255594079943
4.86364509521275
4.30103080477794
3.67091074853481
2.9893478474274
2.27187934654546
1.53603414544682
0.797138739230616
0.0630136254802268
-0.664923256575888
-1.38477423310945
-2.09204863960105
-2.78732301604062
-3.04116166269559
-3.74984734829196
-4.45215239366799
-5.12886426431641
-5.76426732638815
-6.35409479741308
-6.897220624027
-7.3874592788126
-7.81411526985833
-8.17005609042997
-8.45557869606643
-8.67993417353439
-8.86705200414918
-9.0420373886744
-9.21316093346453
-9.38186106782754
-9.4483772087426
-9.61753245001978
-9.76361430141165
-9.88501966335917
-9.98009719590821
-10.0566127480945
-10.1233371697039
-10.1815586699672
-10.2306739200283
-10.2718570914716
-10.3062487509558
-10.330092823393
-10.3345634647175
-10.3072561148422
-10.2342071216035
-10.1040645505125
-9.90081673242372
-9.86772654171716
-9.51699051461871
-9.04913638558967
-8.45945248909506
-7.75001544906286
-6.92940176468597
-6.00620875427069
-4.99542539430768
-3.92451844088179
-2.82207971933902
-1.71404868351962
-0.627712586661386
0.411657992800808
1.37470876782003
2.23597959299723
2.99986664660651
3.22179450699818
3.90141639256269
4.53673112286522
5.12421117034652
5.6472096444175
6.09152905965273
6.44593384719466
6.69932202681773
6.84413362528729
6.87375691615314
6.7891443562766
6.60128355689256
6.32107528686
5.95452273102789
5.49884474664902
4.94636353512107
4.29887374887183
3.97519067081662
3.18154063744074
2.33204281187676
1.4657812415623
0.619171608311436
-0.181252021280026
-0.928180333735577
-1.62387538320329
-2.26248299339776
-2.82953529713592
-3.30927725156988
-3.68777511244811
-3.95600291007648
-4.11424136370409
-4.17291680869978
-4.14542021376454
-4.09584655083705
-3.98935601695673
-3.8214392112577
-3.57984766662108
-3.24842132242616
-2.83089455667293
-2.35547573919694
-1.8467771213087
-1.31599257482815
-0.764148302036142
-0.184020577523903
0.429348888078331
1.08345486332247
1.78530785314475
2.51858200622559
3.25119196846449
3.55990744027248
4.24289996680498
4.88640772387965
5.48318293358175
6.02726871345459
6.51608563960382
6.95230495859193
7.33433950952107
7.65241358385542
7.8897493993668
8.01967603497464
8.02564402166352
7.92518229445477
7.75179479525068
7.52687469796812
7.25926469113066
6.94545788765568
6.85850387134834
6.44232240314747
5.92916327375677
5.3193015426879
4.61883817096933
3.84456626257063
3.01439952224783
2.14945057892634
1.27537471999007
0.411223335467805
-0.428329738603238
-1.23682193589941
-2.01337007287173
-2.74809223554983
-3.43075549911344
-4.05517561481421
-4.2898721529329
-4.83068920623923
-5.29118850901119
-5.65311014212413
-5.91799126990731
-6.09960491600556
-6.21445427321907
-6.28204116175249
-6.30802922601139
-6.281692449221
-6.19179093089367
-6.0259127508266
-5.77747837226694
-5.45343776372788
-5.06419787707443
-4.62105640577406
-4.38970320355678
-3.9243664518241
-3.46516878167514
-3.01983367247635
-2.58008121838028
-2.13836168634821
-1.70328007701832
-1.289796100448
-0.91319889092942
-0.58730042544181
-0.315207636780503
-0.092824173873332
0.0837684774405174
0.222614797522631
0.334422315005302
0.426753794009903
0.506795674404372
0.550652476639056
0.616514572537375
0.639183370180263
0.606277794741751
0.525270537667498
0.423467464336099
0.327218495393373
0.243449292860065
0.164174110247379
0.0726041871475052
-0.0508385948817331
-0.219347171878394
-0.440127373099991
-0.709802145177154
-1.00901429003027
-1.31457654460467
-1.44915646028646
-1.72003461429971
-1.97476720313093
-2.22306491861498
-2.47149380893526
-2.71968478334519
-2.962985808346
-3.18500324576714
-3.35675191477773
-3.45056696030984
-3.45221315687703
-3.36318694320954
-3.19885803971105
-2.98488318831523
-2.74925232240041
-2.51298260421814
-2.28471014739516
-2.23524294997296
-2.00859084643755
-1.74411031810814
-1.43942667893686
-1.09325893137419
-0.706645284855697
-0.291934131559888
0.13860777986188
0.576132267939525
1.0127446678001
1.44827544541851
1.88672436179376
2.32526623460536
2.75152385975177
3.14571774231299
3.48346641368129
3.63991282328543
3.8474604906613
3.94754531816925
3.93795091366083
3.83467525427994
3.65871664179046
3.43055086556089
3.16442995961036
2.86628694424763
2.53135125386678
2.14581588629024
1.70874891212392
