OQPSK_demod_result
fc:-338745
burst interval: 11228 ~ 13228
1 1 0 0 3 1 3 2 0 1 0 3 3 1 2 0 1 0 0 1 1 3 2 3 3 1 0 0 2 3 2 3 1 2 3 1 2 0 3 3 0 0 2 0 2 0 2 3 2 0 
3 3 2 1 2 1 2 1 2 3 0 1 2 3 0 0 1 3 2 2 
fc:-338745
burst interval: 48624 ~ 50624
2 1 3 0 3 1 3 3 0 1 0 3 3 1 2 0 1 0 0 1 1 3 2 3 2 1 0 3 3 0 3 2 2 1 3 1 1 2 1 3 3 3 2 1 3 2 2 3 0 0 
3 3 0 1 2 2 2 1 2 2 3 3 1 1 1 2 2 2 3 0 
fc:-338745
burst interval: 64273 ~ 66273
2 1 3 0 3 1 3 3 0 1 0 3 3 1 2 0 1 0 0 1 1 3 2 3 3 1 0 3 1 3 1 2 1 2 3 2 2 3 2 3 0 0 1 1 2 3 0 3 3 0 
2 0 2 3 1 0 1 1 0 2 3 0 2 3 0 2 1 3 2 1 
fc:-338745
burst interval: 76763 ~ 78763
2 1 3 0 3 1 3 3 0 1 0 3 3 1 2 0 1 0 0 1 1 3 2 3 3 1 0 3 2 3 2 0 2 2 1 1 0 3 1 2 3 3 3 1 3 3 1 3 2 2 
2 1 1 0 2 3 2 0 2 2 2 1 0 0 1 3 3 3 2 3 
fc:-338745
burst interval: 120434 ~ 122434
2 1 3 0 3 1 3 3 0 1 0 3 3 1 2 0 1 0 0 1 1 3 2 3 3 1 0 3 1 1 1 3 3 1 0 2 1 3 1 3 0 3 3 1 3 3 0 3 3 0 
1 1 2 3 3 3 3 0 3 1 3 3 3 3 3 1 1 0 0 1 
fc:-338745
burst interval: 170347 ~ 172347
2 1 3 0 3 1 3 3 0 1 0 3 3 1 2 0 1 0 0 1 1 3 2 3 3 1 0 3 1 1 2 3 2 1 1 3 3 3 0 0 0 0 2 2 0 0 2 1 1 3 
0 1 2 0 0 2 0 1 1 3 0 3 1 0 2 3 1 2 1 3 
fc:-338745
burst interval: 195323 ~ 197323
2 1 3 0 3 1 3 3 0 1 0 3 3 1 2 0 1 0 0 1 1 3 2 3 3 1 0 3 1 0 0 1 2 1 3 2 0 2 2 0 0 0 3 3 1 0 3 1 1 3 
0 1 2 2 0 0 2 2 1 3 1 0 3 0 0 1 2 2 1 3 
fc:-338745
burst interval: 235870 ~ 237870
2 1 3 0 3 1 3 3 0 1 0 3 3 1 2 0 1 0 0 1 1 3 2 3 3 1 0 0 3 3 0 2 2 1 3 3 2 0 2 2 3 3 3 0 0 0 0 0 1 1 
3 3 3 1 0 3 2 0 3 0 1 0 3 2 1 0 3 2 3 3 
fc:-338745
burst interval: 254591 ~ 256591
2 1 3 0 3 1 3 3 0 1 0 3 3 1 2 0 1 0 0 1 1 3 2 3 3 1 0 0 2 0 1 1 3 0 3 1 2 3 3 3 1 1 0 1 0 3 1 3 3 2 
3 2 0 0 2 3 3 3 2 0 3 1 2 3 3 1 1 3 0 3 
fc:-338745
burst interval: 329469 ~ 331469
2 1 3 0 3 1 3 3 0 1 0 3 3 1 1 0 1 0 0 1 1 3 2 3 3 1 0 3 3 1 3 3 0 1 0 2 1 0 3 3 2 2 3 0 1 2 1 0 0 0 
2 1 3 0 3 2 3 2 2 0 1 1 0 1 0 2 3 1 1 2 
fc:-338745
burst interval: 348141 ~ 350141
2 1 3 0 3 1 3 0 0 1 3 3 3 1 2 0 1 0 0 1 1 3 2 3 3 1 0 3 3 3 0 2 1 0 0 1 1 1 2 0 2 2 1 0 0 1 2 3 1 3 
0 0 3 0 0 0 0 3 0 1 3 2 2 2 2 2 3 0 3 0 
fc:-338745
burst interval: 363791 ~ 365791
2 1 3 0 3 1 3 3 0 1 0 3 3 1 2 0 1 0 0 1 1 3 2 3 3 1 0 3 1 1 2 1 2 2 0 0 0 0 1 3 0 0 0 2 1 2 3 2 0 0 
0 1 2 3 3 1 0 0 1 2 2 0 0 3 0 1 2 0 1 1 
fc:-338745
burst interval: 376284 ~ 378284
2 1 3 0 3 1 3 3 0 1 0 3 3 1 2 0 1 0 0 1 1 3 2 3 3 1 0 3 2 0 0 3 1 0 0 3 2 3 3 1 2 1 0 0 2 0 3 3 0 1 
2 3 2 2 0 2 3 0 0 2 3 0 2 3 1 0 0 3 2 0 
fc:-338745
burst interval: 394968 ~ 396968
3 1 3 0 3 1 3 3 0 1 3 3 3 1 2 0 1 0 0 1 1 3 2 3 3 1 0 3 1 3 2 2 3 0 1 3 3 3 1 0 0 1 1 3 3 1 0 1 3 3 
1 1 2 0 2 2 2 3 3 1 2 2 2 3 0 3 1 2 0 1 
fc:-338745
burst interval: 407468 ~ 409468
2 1 3 0 3 1 3 3 0 0 0 3 3 1 2 0 1 0 0 1 1 3 2 3 3 1 3 3 1 0 3 2 1 2 1 1 0 0 3 3 0 3 2 3 0 0 0 2 2 1 
0 0 2 1 2 3 0 3 2 1 0 0 2 3 3 3 3 3 1 2 
fc:-338745
burst interval: 419948 ~ 421948
2 1 3 0 3 1 3 3 0 1 3 3 3 1 2 0 1 0 0 1 1 3 2 3 3 1 0 3 2 0 0 1 1 1 3 0 2 1 1 3 0 1 0 3 1 0 0 3 1 3 
1 0 2 2 1 0 3 0 1 3 2 1 2 3 3 2 0 1 0 3 
fc:-338745
burst interval: 432442 ~ 434442
2 1 3 0 3 1 3 3 0 1 0 3 3 1 2 0 1 0 0 1 1 3 2 3 3 1 0 3 2 0 2 0 2 2 1 1 2 1 2 0 0 3 3 0 1 1 3 2 2 3 
0 1 2 0 1 3 3 0 3 1 0 3 0 0 3 3 0 3 3 1 
fc:-338745
burst interval: 444911 ~ 446911
2 1 3 0 3 1 3 3 0 1 0 3 3 1 2 0 1 0 0 1 1 3 2 3 3 1 0 0 3 2 2 1 3 1 1 0 3 2 1 3 1 1 2 3 3 3 2 3 3 1 
0 0 2 0 2 0 2 0 1 2 2 1 2 3 2 2 1 0 2 2 
fc:-338745
burst interval: 457392 ~ 459392
2 1 3 0 3 1 3 3 0 1 0 3 3 1 2 0 1 0 0 1 1 3 2 3 0 1 0 3 1 0 3 0 1 1 0 2 1 3 3 3 3 3 1 2 2 1 0 1 1 1 
2 0 2 0 1 3 1 1 2 2 2 0 2 2 3 3 1 1 1 1 
fc:-338745
burst interval: 469875 ~ 471875
2 1 3 0 3 1 3 3 0 1 3 3 3 1 2 0 1 3 0 1 1 3 2 3 3 1 0 3 2 1 1 2 2 0 3 0 2 0 1 0 3 0 0 1 0 3 3 0 0 0 
1 3 1 1 1 3 3 0 3 2 3 2 0 1 3 3 1 0 2 2 
fc:-338745
burst interval: 482361 ~ 484361
2 1 3 0 3 1 3 3 0 1 0 3 3 1 2 0 1 0 0 1 1 3 2 3 3 1 0 0 2 3 3 2 0 1 0 2 0 3 0 0 0 1 1 2 1 1 0 0 0 2 
3 3 2 2 1 1 1 0 3 3 0 0 3 2 3 0 2 3 0 2 
fc:-338745
burst interval: 494837 ~ 496837
2 1 3 0 3 1 3 3 0 1 0 3 3 1 2 0 1 0 0 1 1 3 2 3 3 1 0 3 2 0 3 2 2 3 2 2 1 2 1 3 0 0 3 1 1 1 0 3 1 3 
0 0 3 0 2 2 3 0 0 3 2 3 3 3 2 0 0 3 2 2 
