-3.54247276939553
-3.62770895303139
-3.67117221413217
-3.6534416166842
-3.55410629684085
-3.36562585366278
-3.09972935140015
-2.77603161256085
-2.41481400124472
-2.03586840394502
-1.65282156551962
-1.51679398079369
-1.15356765231038
-0.778852421346926
-0.383857684829923
0.0326953698833794
0.474208501268319
0.937437570222712
1.41142218058907
1.88543596151767
2.33807864631855
2.7508882224003
3.12622141668738
3.46475229259941
3.75570059138123
3.99320147143452
4.18644494860135
4.25832995039701
4.43560317766675
4.578826158368
4.67260197702506
4.69738575046646
4.63593213702992
4.48300804939944
4.25378878937408
3.97817502949053
3.68061830370347
3.36818315171668
3.04178547076169
2.70087292404393
2.33635000264487
1.94260724640075
1.52564518514342
1.3697592242648
0.929430711995759
0.466975197477197
-0.0249169034382116
-0.5408480419416
-1.05439900052963
-1.52943229394936
-1.93918434299524
-2.2716842817873
-2.5242127750501
-2.70400092058367
-2.8293912842256
-2.92550567419247
-3.01556365775334
-3.10334932446101
-3.16747830006486
-3.18434041077048
-3.16496327551649
-3.09805918455075
-2.99775636111473
-2.88450802176291
-2.76823171842338
-2.64725680991096
-2.52156988474109
-2.38315672880508
-2.21996904144196
-2.03384934792079
-1.83089841566891
-1.61552595120788
-1.39807617002118
-1.19264799601234
-1.01612545210125
-0.8810719069671
-0.850315372925765
-0.775150182853457
-0.721132240678716
-0.686649141997249
-0.6711264638883
-0.67248745454045
-0.693621251766861
-0.742206636674121
-0.832815488441779
-0.982613966043587
-1.19553441939417
-1.45775309577926
-1.75230485721664
-2.07139351897766
-2.40711056461878
-2.74284550842175
-3.05434199598706
-3.17348510113306
-3.40311759528765
-3.59756139631262
-3.76478067042913
-3.90905555590971
-4.03524466005743
-4.14549622730703
-4.24085051342312
-4.32344013067751
-4.384113596757
-4.40292496985118
-4.36890535341745
-4.28038720660347
-4.13367465012046
-3.92759230090273
-3.66154303299052
-3.53860485783549
-3.1770345687055
-2.76697112844534
-2.32325888557906
-1.84313420018686
-1.31857391218291
-0.755945632823506
-0.171461418429814
0.414630340978293
0.984778650978315
1.53284351274961
2.05242674957833
2.52845924857604
2.93737497015481
3.25455055418809
3.4813130086385
3.50105520073771
3.65277813748268
3.77577395016224
3.87131158050142
3.93656959101955
3.96517163676245
3.93575569812106
3.8317852552986
3.66301397948274
3.46095510552463
3.26465774919132
3.10149972426979
2.97691428974637
2.87872819450415
2.7871393122781
2.69285552867432
2.60292894045315
2.55040577909064
2.48583238833024
2.45949590212526
2.47001535032583
2.51391321492335
2.58820653548287
2.68443811398913
2.79648979194923
2.90858006950081
2.9941361409923
3.03923403994528
3.04683993315662
3.03059278012136
3.0072501241251
2.98506645614175
2.96327592313562
2.97956606457982
2.9418084016075
2.86219198741367
2.73937618079292
2.58374054429042
2.41429436024716
2.25922384887421
2.12608506816908
2.00455146260076
1.89567947225234
1.79861165684281
1.70256177988252
1.60123565636037
1.49408547266544
1.39368208946871
1.32238069142685
1.28914843908917
1.33945814695578
1.35528362719243
1.35571657757428
1.31660067164847
1.22991989766199
1.09911574172418
0.929500725613353
0.733687400247629
0.540631640567048
0.386604533416982
0.298590679507504
0.28392204604896
0.322670975001378
0.378471518463297
0.42271126699737
0.441589423151879
0.471056660603503
0.438976394442611
0.37364048154717
0.271662960984859
0.13724981864171
-0.0209675424128307
-0.198367487036631
-0.400558298082021
-0.632129699329652
-0.889207201015056
-1.16732953070004
-1.46622478672106
-1.78643960025664
-2.12071440435039
-2.44481017698544
-2.72313135892069
-2.83019523100524
-2.97871657609061
-3.06736155474135
-3.1175389049906
-3.13599567707104
-3.10938422223801
-3.01621475783489
-2.8428407659612
-2.58883428104012
-2.25658509876267
-1.84340807890398
-1.35485869346166
-0.814427358149471
-0.255899564775193
0.286410136928863
0.7852010033677
1.22365948126989
1.34872451405005
1.67518804209496
1.95917526369291
2.22622679217018
2.49393539422633
2.76025761984
3.00595187636085
3.21116555798362
3.36295984315986
3.45179328764762
3.47372049216645
3.42859129039564
3.32359353757959
3.17742402474984
3.00947157800928
2.82611288860027
2.76523826713639
2.54487776703556
2.28244552424526
1.97576402144446
1.62976309767604
1.25352733635027
0.860180174193391
0.464615540611692
0.0824394434945782
-0.27068355415044
-0.592075799487614
-0.888148793248958
-1.16265005095202
-1.4101226844594
-1.61252808503753
-1.75378162743259
-1.82485562783905
-1.78904155534571
-1.77046593619541
-1.73848247325481
-1.70609936095562
-1.66760170793887
-1.60897652437276
-1.52074425041955
-1.39812672623266
-1.2294166961327
-1.00168661469722
-0.714045760750383
-0.381732897126815
-0.0359113460437545
0.288943649506049
0.575284483046729
0.83411312687897
0.872093844916518
1.16077703527679
1.49890795792454
1.89841155322244
2.34552323893941
2.79737087347776
3.20502302487764
3.52862241962326
3.74649425066896
3.85325119568212
3.84802142591568
3.73775005118959
3.54231010075976
3.28527140181574
2.98660202805562
2.66778181212444
2.51797911600755
2.23707073147329
1.96347109243032
1.68748670423712
1.39932662831807
1.0999316202455
0.803070638908078
0.524517551277936
0.271849135329384
0.0453680946013047
-0.14959918356097
-0.306826106892247
-0.433731209661293
-0.5429497464731
-0.641139135326829
-0.730597458415991
-0.818610741108877
-0.846838765219321
-0.964639996492173
-1.08659704034746
-1.19766055533271
-1.29253269398758
-1.38871142142251
-1.50404858081821
-1.64149523871208
-1.78753280035462
-1.91619862271582
-2.00967438326861
-2.05764099422897
-2.0422418187885
-1.94538689622132
-1.76435577317331
-1.51607901304477
-1.36780728202824
-1.07327031954156
-0.764165634397635
-0.444391109718087
-0.110700308743237
0.242268330541349
0.619802492612476
1.01479285595916
1.41009647667428
1.78936379869055
2.13937026466171
2.45746080624386
2.74960585060374
3.01531516079748
3.24828051155242
3.43900623213407
3.57512251232602
3.60140547953996
3.65097032658302
3.64707098115289
3.59067275643415
3.5030779983089
3.41609127837196
3.34495953173908
3.28723477705019
3.23102025591307
3.1623556520312
3.07841749660703
2.99136978246576
2.92316425878618
2.89466064979469
2.91375019529381
2.9754240926299
3.04771099742331
3.16128129904513
3.27962635564346
3.38643213034423
3.47205447553797
3.53535058125011
3.59548465604485
3.67353146894507
3.76675827928947
3.85836036428247
3.93409349065995
3.98687565236696
4.01157242620889
4.00236293126598
3.95825176895807
3.88159528311198
3.84003785966629
3.71487063716457
3.55125662867498
3.34757656976788
3.11805139264673
2.89193484482263
2.69655529480597
2.54351956496982
2.42783372338435
2.33865235248225
2.2615728259085
2.17560945286224
2.06115466059397
1.90756518332923
1.71895987917186
1.51084152717271
1.29915238774502
1.18638480498373
1.01154670382203
0.87292492825773
0.761399074870138
0.665042123769414
0.586994144111246
0.537380554208422
0.517819891572205
0.509624631688232
0.476426135820408
0.385256631339377
0.226381006175902
0.0154104064753818
-0.221977662890889
-0.469668334527013
-0.728261656569334
-0.835934050144028
-1.12564153902056
-1.4307171978426
-1.74476359478965
-2.06732051366742
-2.3916952002615
-2.69908776437662
-2.96261576970461
-3.1539441503551
-3.26147718897004
-3.29999644271393
-3.29379745970499
-3.26096928161182
-3.21338633580513
-3.16775850236734
-3.14769215357928
-3.15960165011101
-3.22394683311263
-3.22957095639225
-3.19509138153699
-3.11796514566916
-2.99720771304674
-2.83017938968845
-2.62043065254456
-2.38914298093571
-2.16787513519432
-1.99234297863525
-1.88943246612698
-1.85716430548949
-1.87211908337309
-1.91111285168912
-1.95797949846328
-1.99908638744282
-2.00963231253715
-2.04519621930655
-2.10183994660374
-2.18415664006457
-2.28527555410272
-2.38269753658042
-2.44927776455163
-2.461747512893
-2.40837500200264
-2.29424511866885
-2.13347951479749
-1.93764703387472
-1.71335439278901
-1.46673688110506
-1.20586519039735
-0.931791096689312
-0.842648297469547
-0.505401203408656
-0.11436810223565
0.312762207190308
0.752628937166068
1.18785580880241
1.61381161406237
2.0362976738308
2.46612623668227
2.91028708394743
3.36037821465977
3.7927746378882
4.18070765020436
4.50730829514649
4.76518342135409
4.94818862127372
5.05515873797841
5.07748804988403
5.09977583309837
5.05595196156942
4.94243416865482
4.75302594481416
4.48631504579764
4.15433738075934
3.77068615303256
3.3476468623193
2.90324803162239
2.45871941952833
2.02984338128722
1.61930151324504
1.21690144677825
0.806340956312111
0.379437118690169
0.162963323424845
-0.274687728140499
-0.670301545785667
-1.00178052174987
-1.24896403692172
-1.40459730864759
-1.47926801497241
-1.48809201251349
-1.4381612394647
-1.32717730309327
-1.15105663997434
-0.907203416173447
-0.598587770032607
-0.240269097174603
0.144888149667985
0.534303293317638
0.688692855464561
1.02529845028654
1.34484760556056
1.67281088944128
2.02655820978951
2.39909698463228
2.77521513426596
3.13848058767256
3.47365328097127
3.77181090365508
4.02257539084783
4.21698452360588
4.35366054861655
4.43392101180004
4.46926373059376
4.47602502015411
4.46113673945232
4.428756966289
4.40521461944685
4.37000563650481
4.32408219470193
4.26946402946646
4.20856519072151
4.15855909517849
4.13772431634213
4.14164799637587
4.159491344931
4.18930720234297
4.22985842030577
4.27427806393423
4.30863526944993
4.32150817338225
4.31344652823931
4.28318163318506
4.26398184103863
4.2575280495878
4.25931693517812
4.26102933651513
4.27137344776433
4.30849485967129
4.37686069631815
4.45452904826859
4.50587540617651
4.50226798834813
4.42717328222165
4.2751805020032
4.05260242903748
3.78304620513248
3.50433766729708
3.2491332660722
3.16728144428111
3.00051879472959
2.84836190268393
2.69218897965306
2.5149960682408
2.30960988350119
2.08625135840993
1.85999574173082
1.6451652660728
1.4561006154896
1.30399322635147
1.19396684149449
1.12019942210186
1.06426044773204
1.00136123982132
0.920251502522074
0.904182496054319
0.818174963099131
0.730457298209867
0.62919460603131
0.501767538042494
0.346500257138849
0.166137425907209
-0.0448259681225103
-0.288735495697013
-0.554780821558271
-0.829333727826278
-1.09642945590385
-1.33978067210229
-1.55499234457071
-1.74232089837782
-1.90114627658722
-1.95569887170378
-2.10584917069169
-2.24670662347097
-2.36298957015334
-2.42851097489506
-2.42593739550807
-2.36493657275026
-2.26752252606675
-2.15083515171127
-2.02410553699023
-1.89064350467092
-1.7544979814267
-1.61657032527682
-1.46660561799455
-1.28926491101618
-1.07529037248992
-0.832879869219566
-0.733034319003112
-0.525594858426747
-0.341397001369348
-0.152220889454304
0.0687843486602393
0.341775088111179
0.675768758314192
1.0599905894741
1.47706422077475
1.90325302849412
2.30225547275368
2.64407102381333
2.9231687647183
3.15490501055362
3.36259959631395
3.56406315050272
3.67009145880527
3.86823064521831
4.01578636865718
4.09986453292467
4.11028033048896
4.04380652117089
3.90057741295263
3.68683238585721
3.41752932499045
3.10392325405828
2.75598020855207
2.38723323741864
2.00701485088783
1.62075916741955
1.23010631443205
0.828696513187777
0.409312353607467
0.21876441202322
-0.240407140425056
-0.68640228742407
-1.09613100037587
-1.46339802565968
-1.78979883566829
-2.07876375326919
-2.33348175471797
-2.56295828979182
-2.78557972392281
-3.01555853670355
-3.24891939662135
-3.46399803281206
-3.6416212719087
-3.77775665775791
-3.87202952187501
-3.87329062231555
-3.90512244241039
-3.91896402311988
-3.93253927625223
-3.94423833285459
-3.93821743383947
-3.89550817453242
-3.80071394751664
-3.64739397727358
-3.43827379651887
-3.1869855520192
-2.91073593373723
-2.61708208766318
-2.31108746459774
-1.99996065594161
-1.69168106595596
-1.58498673043451
-1.30803417295505
-1.03286902295793
-0.744362798663194
-0.440674662071295
-0.140011673392824
0.133859729646867
0.363738523470505
0.538832618595102
0.652967918712996
0.711108170669814
0.729791156657907
0.729080837782334
0.727512643787147
0.730933111712015
0.726730522781277
0.698250335707281
0.681666586311378
0.591156455089911
0.472475943783927
0.327659074967369
0.167818521986919
0.0144112122586361
-0.119836738655078
-0.238611062280851
-0.360659044606649
-0.503514576779234
-0.67166242256889
-0.858598029033192
-1.04806661725644
-1.22585109683419
-1.38018018825687
-1.4915841168299
-1.49619728566107
-1.50690086533032
-1.49006761251229
-1.47764764879258
-1.48162449933438
-1.49693204132622
-1.51561601397562
-1.53305789061296
-1.55035861948468
-1.56920063793368
-1.59527021083512
-1.64187428573663
-1.72251570765567
-1.846345671354
-2.01747636696448
-2.23035591347263
-2.46665883390881
-2.62451489958868
-2.8513018320688
-3.04299959828734
-3.18284254835934
-3.26591905625119
-3.29947116271627
-3.29247816761992
-3.24948487412081
-3.17012768983683
-3.05312570869874
-2.89594518200401
-2.69330752211721
-2.44191666524827
-2.14038741406519
-1.79125966747324
-1.40766066442507
-1.21934558474113
-0.852909454128908
-0.521495862261437
-0.214716578402349
0.0978756315537736
0.433607836990082
0.782332787903797
1.12462034833185
1.4526838108131
1.77189940343179
2.08867883591142
2.39606211808038
2.67392088618743
2.90522358269001
3.08538746468122
3.21845625078562
3.25620726162041
3.33342816215016
3.36721731554317
3.35186134947857
3.28501660220556
3.17143776053025
3.02290135932556
2.85283884066277
2.67922880644428
2.5215966878265
2.38502773183769
2.26720764249796
2.17033779516226
2.0972480511374
2.04951949018328
2.02140578156051
2.00524619608617
2.01030143841203
2.02328551191916
2.06209183586429
2.12145087805072
2.18034642380959
2.22253170839657
2.24697415729949
2.25741239419136
2.25542272022797
2.24673190587089
2.25214848063227
2.30157608723633
2.41397955210275
2.583500515427
2.78048107847928
2.97837651211501
3.09938102986298
3.29271962669249
3.47261649603014
3.61253326873284
3.69347497022969
3.72760708057927
3.7399447751302
3.73918295412475
3.71088681025684
3.63483781588914
3.50610572420949
3.33233526708589
3.11632285724392
2.84609392663989
2.50985070849505
2.11669795190015
1.68691988120373
1.48595226629282
1.02011735713886
0.544617537688567
0.0739573161758078
-0.3826731229245
-0.824892426544242
-1.26291194566991
-1.69400981090226
-2.09857167000876
-2.45940388712163
-2.75952744638479
-2.98364422436298
-3.1182479303466
-3.14527664652946
-3.07076642311949
-2.93726555916682
-2.84964595551327
-2.73856267436584
-2.60630113754062
-2.43097977819933
-2.20534123417288
-1.93200047346584
-1.61825838358254
-1.27723873074062
-0.942132079993608
-0.650628511415432
-0.412206922848044
-0.219190952890746
-0.0687837386446016
0.0396511706912024
0.111150126928332
0.160770441904952
0.176439885037256
0.229761942692596
0.253575342703357
0.243532336404134
0.206413692134543
0.142271778351865
0.0502573574433557
-0.0603731163455337
-0.16764495571398
-0.249264694951763
-0.307481282091077
-0.367536710107166
-0.448260383903169
-0.553622672958783
-0.691073717100681
-0.872762272802391
-1.09540864552589
-1.20229342491306
-1.44218297673262
-1.68338852606169
-1.9353480889626
-2.21439289253291
-2.51630866720669
-2.82331868751259
-3.12167834269726
-3.3931495842353
-3.62333153858041
-3.81212256216725
