-0.217988931573205
-0.00345235372089508
0.180641519745478
0.333843570257286
0.470379461192745
0.6031959082035
0.739187651371859
0.884459421477786
1.03381490311802
1.17409045630665
1.29387617142376
1.3828085217971
1.43730590944979
1.42209745853947
1.32646908514857
1.16023305308621
0.941798645179076
0.679507852145248
0.384991695585594
0.0779379170283473
-0.226646926293537
-0.518706529121048
-0.801170684387259
-1.0844105392757
-1.36416584664773
-1.62821691026901
-1.86777719399252
-1.97734845745431
-2.16075804105162
-2.28376707750188
-2.34286514356153
-2.35315284318416
-2.33337726943387
-2.29366423307668
-2.24647364367421
-2.21132846872492
-2.19881646221032
-2.2048697480764
-2.21958091689753
-2.23501005302995
-2.24265703249471
-2.23449420030176
-2.20872022070231
-2.1949169958165
-2.14626636774792
-2.08962943025136
-2.02679154750146
-1.94990388713399
-1.85322240632136
-1.73920756945697
-1.6017567724943
-1.42573761145191
-1.20658441722758
-0.954467771848285
-0.689030447477973
-0.43497504421569
-0.208290919047571
-0.0114483285725114
0.157986222156235
0.306246738667061
0.294448646729999
0.470278208775919
0.701147783587562
0.986027312191341
1.30650950942705
1.63754239262454
1.96335237958894
2.26679296709219
2.5108199430642
2.67001669622893
2.75457190944779
2.7786334682711
2.7431879558273
2.64889006934564
2.50364314657566
2.32609883844927
2.23979109396919
2.05540905932344
1.84891395854209
1.60949978817769
1.34017615683767
1.0580596198217
0.783863396177765
0.531359301720108
0.305612833294905
0.116269416886801
-0.0226452632089994
-0.109218567376233
-0.159558414870284
-0.196662041032691
-0.237663739993128
-0.287692596397621
-0.342161724229791
-0.344472239055663
-0.416432266315008
-0.5104536980863
-0.617412009195795
-0.728650697556664
-0.853244965486287
-1.00981133852861
-1.21403402051085
-1.47133919437568
-1.77629674685564
-2.12046919681713
-2.49087717102567
-2.86494391235936
-3.2180908299976
-3.52805431398352
-3.77500600289808
-3.82134406727176
-3.97637954283476
-4.11366408960654
-4.24783781272533
-4.37047746252556
-4.46667806430579
-4.5298878365491
-4.5588027165103
-4.54933800516127
-4.48531341869759
-4.35775332549793
-4.17639365950965
-3.94993796433241
-3.68994291620301
-3.41618820532488
-3.14656878778078
-3.03475714968513
-2.8186496950684
-2.62150318237132
-2.43647253697438
-2.25076098495318
-2.06228956985629
-1.88384513242027
-1.7296813708529
-1.60719946439202
-1.50984129387352
-1.4254957450992
-1.34015364026604
-1.23260307292646
-1.08966653566861
-0.914994240402722
-0.723552973932439
-0.538928558371152
-0.447194042992595
-0.316729900629229
-0.217746711790122
-0.15030948976983
-0.108133939783033
-0.0867676503904042
-0.0843163755987989
-0.102471420695981
-0.15051663397569
-0.229883724046647
-0.334728250233668
-0.462128559118214
-0.603042102526412
-0.742246677082086
-0.869268419441839
-0.978745338037548
-0.974902781392038
-1.0663813695136
-1.18788167490534
-1.35148359050166
-1.55293333633212
-1.77287284966658
-1.9968194904049
-2.22188372717247
-2.43114603873268
-2.59935964808775
-2.71399851643382
-2.77400583145191
-2.79277194233064
-2.7926148797795
-2.78800938887291
-2.78132178075167
-2.7617309516586
-2.80070474610045
-2.71525155934453
-2.5561538298828
-2.31349925669464
-1.99481347161397
-1.62803668930351
-1.24154847442847
-0.853592005653289
-0.479034894396361
-0.125563325272612
0.204642054710762
0.502618801210807
0.769114088546164
1.02401186007592
1.27705813859676
1.51900180275293
1.66090484671217
1.86234765818177
1.99556428759444
2.04337659764323
1.99749674630996
1.86258922038064
1.65028529799067
1.37620369471538
1.06134697781836
0.722159799010238
0.365045801856474
-0.0102943673942695
-0.407251748653976
-0.821817489684713
-1.2389723008378
-1.63881299808472
-1.81305673514586
-2.15114024956386
-2.44239666319073
-2.67491665040531
-2.84720496123567
-2.97564987411462
-3.07958724665349
-3.1660604474089
-3.23298586613537
-3.27521614023031
-3.2871235686694
-3.26366351102873
-3.19923304971817
-3.09036392008519
-2.94122405073119
-2.76869533515231
-2.59657287563969
-2.54431272363789
-2.4134064997357
-2.27638648677469
-2.11254543166891
-1.91275488153668
-1.68593621875811
-1.44251053834445
-1.17879973082185
-0.882856328026655
-0.550438675768149
-0.200649954186938
0.13725567473275
0.445020634462073
0.708109868782425
0.914268406626095
1.06057003953677
1.05139248669866
1.16047409153987
1.28160913512159
1.41228619029804
1.53157595515316
1.62057887890434
1.68365585331491
1.73448708935314
1.78040018581068
1.82280692132246
1.86712648027008
1.92576093748938
2.00075613752202
2.0774418156804
2.13707866572443
2.1706921078918
2.18939414202515
2.17048722073963
2.22695998212592
2.31820930360744
2.43100864528324
2.55043422901568
2.66702651225167
2.76455553862103
2.82891302680313
2.85778051177982
2.85788013993099
2.84512362224867
2.83738154479217
2.84549225552862
2.86883617242734
2.89887062402816
2.92986682960164
2.9595457332484
2.95955378839817
2.93193721498876
2.88473695379481
2.82912363724111
2.78090696627567
2.7495608469617
2.72958483646284
2.70344882655344
2.64511431213202
2.53516047103548
2.36960420683678
2.1468169963285
1.86260841472002
1.51663252303042
1.11722689789838
0.927524552667009
0.466131249455714
-0.0276163822223046
-0.534846517507981
-1.03727321595633
-1.52647202801148
-2.00480411047862
-2.47321039998295
-2.9270704660375
-3.35452321061845
-3.74225936435542
-4.07989944371056
-4.35250223400037
-4.55465841980929
-4.70024512436632
-4.80788616169213
-4.8973645887372
-4.92293766356986
-5.04472449862773
-5.16265201431084
-5.25740297059024
-5.30871755722059
-5.29883449519508
-5.21786746756336
-5.07822882243045
-4.90393019234047
-4.71331761489622
-4.51495836017379
-4.30879646273127
-4.09201715239628
-3.86033550388952
-3.61496859547877
-3.36678653355375
-3.24107020974649
-3.02528268721261
-2.84764263445011
-2.71143365895509
-2.61585016569556
-2.55312047031608
-2.50613157512491
-2.45595984472311
-2.38890465562721
-2.3044457829443
-2.21370422729739
-2.12601223049373
-2.04998920464653
-1.99319661419028
-1.95360251614017
-1.92293321580564
-1.88709451070954
-1.86609872595212
-1.78828364837323
-1.71288241778577
-1.65742855304778
-1.61935669548609
-1.58588094314776
-1.5483388665074
-1.50733585357947
-1.45824151880253
-1.39130839945108
-1.31681760219976
-1.25890904568585
-1.227774496891
-1.2126244780098
-1.18938656410738
-1.13501309095169
-1.10235498810719
-0.977380552869883
-0.83602516770339
-0.694084568358982
-0.558161515326039
-0.421285452720496
-0.275456219772182
-0.122405596559786
0.0410035215252995
0.223027688847632
0.423138075670929
0.633851231498835
0.841341108297371
1.03351075587277
1.2211339605561
1.42922703888594
1.52623831415792
1.79935650314519
2.08675491583834
2.36903336869942
2.62518084940907
2.83673262168325
3.00223262574858
3.13946270339867
3.27140487271406
3.41085592752351
3.55417308526893
3.69572731231163
3.83779792877237
3.98221222935177
4.12912573879112
4.27782359217754
4.42321568169361
4.50920988574485
4.65482956627974
4.78169508179259
4.86610385320897
4.89166451159291
4.85895767259838
4.77703274888858
4.66802258800679
4.55624022668274
4.44714709758052
4.33164251760012
4.19427121277323
4.01572921864885
3.77989933063291
3.4805011185079
3.1241727555652
2.98560590415481
2.57056422107298
2.11237689203696
1.60652535792638
1.04302365444006
0.423013049608027
-0.235105933384345
-0.903052717655728
-1.54822882138092
-2.14008141242374
-2.651143464738
-3.06366870245318
-3.38186646684396
-3.61923672436621
-3.78384638641902
-3.88617908416078
-3.94256797200625
-3.93038485951189
-3.96555886940866
-3.97177886640222
-3.95189356341645
-3.9042214506542
-3.8166901168588
-3.68053115049634
-3.49472819896083
-3.26496782435338
-3.00766959874101
-2.74369995324427
-2.48872088570848
-2.24725485975552
-2.01381567807107
-1.78084532498192
-1.54633303135596
-1.47977827901391
-1.23770308934101
-0.98134422636808
-0.711914447037812
-0.433728846656974
-0.151256587048783
0.136028652630232
0.433017454843776
0.743481201607507
1.07119744592279
1.42433104311237
1.81103770934658
2.2267372477198
2.64911100244913
3.05275710730534
3.42296649908832
3.57286961767456
3.90983409816404
4.22747530900572
4.51673608754583
4.75413851593336
4.90319004073705
4.93384940555119
4.845236832155
4.66405375385426
4.41677695773203
4.11887955411123
3.78235034153103
3.41885398821314
3.03664992904682
2.62757203619631
2.17455678724008
1.68147026199346
1.45138656791171
0.934640329387014
0.42818595360174
-0.0576339792949011
-0.515801873483059
-0.932794775284625
-1.3023268591695
-1.63661243412236
-1.95278818069341
-2.25991979386352
-2.54979092674588
-2.80466915691652
-3.01557840734339
-3.18248645425813
-3.31354342713308
-3.42974129286967
-3.46744912954064
-3.63720321814061
-3.81471037340297
-3.97429142563095
-4.09167559573891
-4.15033175124249
-4.14673859398765
-4.09339420479742
-4.01040025214372
-3.91834659771331
-3.83453910543911
-3.76698313877084
-3.71716088769146
-3.67717863541197
-3.62667468336228
-3.5471924758109
-3.52432998204642
-3.39958102063688
-3.24907218202892
-3.0681576244192
-2.8579708999268
-2.62389592955937
-2.37111605562319
-2.10250343314437
-1.82437281005574
-1.55619777181487
-1.32392498869376
-1.1416011993785
-1.0117540403339
-0.930313844931574
-0.888973843552775
-0.892883239365248
-0.950176721604372
-1.04434122524581
-1.1418283567751
-1.22907345749785
-1.29080605837459
-1.32582247008617
-1.34351776139964
-1.34987988086917
-1.3501089415384
-1.35426982300281
-1.37004697642827
-1.39585621445255
-1.41659591809841
-1.41415913626188
-1.38183304120903
-1.32103817472672
-1.23697544506838
-1.16170965523547
-1.06069440537318
-0.975186152571835
-0.91062089062633
-0.865149875842083
-0.842369983238584
-0.850561645130575
-0.898357013295864
-0.984252413986684
-1.09487946223623
-1.22078531105127
-1.35749041532443
-1.4969551579276
-1.63177493796004
-1.75903623714781
-1.88259850263922
-2.0057869109589
-2.07313586676992
-2.17686313154329
-2.24002558459267
-2.26085493588841
-2.25912416254557
-2.25097222845028
-2.25057811306181
-2.27190333156905
-2.3189436749786
-2.38667892657157
-2.46246809182752
-2.52845654479475
-2.56778096869954
-2.57455181290328
-2.5557782462809
-2.52260283805189
-2.47392330986113
-2.46540639728672
-2.4791749696993
-2.50727347128483
-2.54437935532589
-2.59694849137482
-2.68481361125412
-2.82465069791646
-3.01559095156283
-3.24773445994144
-3.50777012148735
-3.77608595066353
-4.03150423972786
-4.2470144160031
-4.39515823174757
-4.47197755956411
-4.45111990948134
-4.46057600218836
-4.45072442800107
-4.4269781071648
-4.38514387562445
-4.32425378784623
-4.24346581509509
-4.13520113225695
-3.99890075211826
-3.8458196188648
-3.68983474936612
-3.54077736787183
-3.40195162400615
-3.27450516470798
-3.15806636536524
-3.04445973340714
-2.92501529808574
-2.90070224719542
-2.77476806854671
-2.62812151402235
-2.46163656961483
-2.2837262120545
-2.0944492452345
-1.89855588756407
-1.70247894087944
-1.50943396785279
-1.33284841575318
-1.19290368900237
-1.10507315057577
-1.07980994330368
-1.11698751776169
-1.20082364397515
-1.30676653346919
-1.39961161639472
-1.48083123679904
-1.53438387199968
-1.56114466901755
-1.57006861343242
-1.57708855782072
-1.58970016672704
-1.59329258611387
-1.57343168496217
-1.52401755837237
-1.43480822512116
-1.29098745444594
-1.07633413921618
-0.783272980229404
-0.425250790977786
-0.0356309859217385
0.345990792842181
0.533884233030976
0.840400758755687
1.10253540368572
1.31363222731649
1.47565193409336
1.60203240330234
1.7088477526325
1.80976517472788
1.90471401786457
1.97825414107652
2.01127863066603
1.98819289660406
1.90263404741319
1.75888855780332
1.56573738223141
1.33694552501978
1.19181477956972
0.970088240649122
0.76582143423185
0.582369283405945
0.423103476411326
0.284882767683646
0.16077029026966
0.0542923897637435
-0.0158881187451697
-0.0326223668330931
0.0109520223294264
0.119501220311059
0.288516639315988
0.500447555340804
0.732801989247219
0.957577646210877
1.0249029598486
1.17921266360547
1.3294410010251
1.50357757352723
1.72154083271768
1.98433736721676
2.27627503429872
2.57709002547262
2.86342210367754
3.10867031644881
3.29496100591848
3.42159210184038
3.50485861295035
3.56606900554939
3.61736505430102
3.66459686879703
3.71172333202209
3.7351933381106
3.77608794167651
3.79154083858054
3.78788499740164
3.78061291234865
3.77590561651397
3.77424510000896
3.77542919537151
3.774744920972
3.76120583216337
3.71786184541226
3.63228732734832
3.50034285316666
3.32500160357726
3.12750123461887
2.93578110130523
2.86612907895526
2.73131335188087
2.60350946473537
2.47200880396111
2.33230451536862
2.17115694738294
1.97002851538109
1.72075966626144
1.4385402157128
1.15254791140177
0.88525563112515
0.645218806359371
0.422331100123443
0.198797461773706
-0.0298454821584579
-0.261450515536079
-0.501208348885656
-0.603596730764657
-0.89891409827796
-1.20705913884271
-1.50375755549736
-1.77201344778422
-2.00568356901565
-2.20552319067611
-2.37984052174371
-2.54343791320637
-2.70605499100337
-2.868832738937
-3.03332005045139
-3.19680988744748
-3.34292917352174
-3.45557880345592
-3.53487407978029
-3.54766724364512
-3.59770365725043
-3.63022017981366
-3.64852657160407
-3.65730223082475
-3.65741441333173
-3.64132938042542
-3.59223334106453
-3.48797942562772
-3.3167117415249
-3.09427183148782
-2.85435190927363
-2.62068856015488
-2.3984570564432
-2.18641096758409
-1.98032059427187
-1.90936661712252
-1.68334088496932
-1.445915245868
-1.20982251422923
-0.989486692395867
-0.795263903687788
-0.628443081197385
-0.487772013764283
-0.36921146003193
-0.264734150136546
-0.162883154653481
-0.0443527883892202
0.106285327802941
0.28752597294604
0.481470289446254
0.663494732507962
0.818274365705362
0.86809481992691
0.978283146239949
1.07500925448282
1.15547329824982
1.22319580235781
1.28869783720981
1.35001369251129
1.38737772723811
1.3763852309609
1.30327346306415
1.17250355349126
1.00034215485981
0.797546050280726
0.564625514765485
0.312724182602611
0.0655912735792576
0.0168770028018036
-0.200220792698571
-0.449954944733851
-0.75913728509982
-1.12826231076718
-1.5412800481556
-1.98858396406749
-2.46353716552453
-2.94902592411512
-3.41858399180651
-3.85275965206873
-4.24959658395246
-4.62049307470464
-4.97569722355
-5.30881435664241
-5.60435157127491
-5.85674891254184
-5.95151159048428
-6.14896840228665
-6.29425633025334
-6.3842341796489
-6.42239143447866
-6.42451764449095
-6.40255044736651
-6.35148259540395
-6.2720976014204
-6.17573251590008
-6.07130410844643
-5.96018569390685
-5.82333369525895
-5.63692163194672
-5.40009319527882
-5.12263536810569
-5.03782825510141
-4.69651946494604
-4.29435645737831
-3.83807160355405
-3.32879151469419
-2.76055211775973
-2.12997381696366
-1.44628034538711
-0.723095762438141
0.0382223261108847
0.827518962115025
1.6050193960756
2.33001223010949
2.98492237197636
3.56894452572224
4.08560179800032
4.25399536647506
4.67601670531204
5.03945655991673
5.34898895370227
5.58748614652563
5.72873896452452
5.76223313944922
5.69400215795963
5.53283534091575
5.27326586802626
4.90348292082591
4.4365611075179
3.90464254448
3.32159205290072
2.67762975324237
1.96485873462747
1.19427895346726
0.823144081868577
-0.00774565581640441
-0.833010569624703
-1.62463327802801
-2.3523330415453
-2.99319073045531
-3.54954669417909
-4.02494378306867
-4.41112914883931
-4.70673929440197
-4.92275665833876
