-0.030606863513475
-0.0289910579324812
-0.0265529401881069
-0.0232912166435187
-0.0192229521956598
-0.0143842230141396
-0.00883039969218268
-0.00263603859179811
0.00410563372322847
0.0112836504158876
0.0187706480509282
0.0264246150792509
0.0340910277744926
0.0416053479113053
0.0487958483566267
0.0554867250298309
0.0615014465390277
0.0666662863757598
0.0708139769953466
0.0737874205579961
0.0754433876728648
0.0756561332706883
0.074320857806108
0.0713569424106191
0.0667108884084561
0.0603588947720003
0.0217021480916784
0.0136117556182286
0.00476360385498332
-0.0047295271757429
-0.01473800077891
-0.0251166278172092
-0.0357062363035425
-0.0463354842118423
-0.0568228890530082
-0.0669790439126846
-0.0766089863305865
-0.08551468368049
-0.0934975966378037
-0.100361280937264
-0.105913986952889
-0.109971216688191
-0.112358198544852
-0.112912241726861
-0.111484934304512
-0.107944151766028
-0.102175846268457
-0.0940855906975139
-0.083599855981804
-0.0706670047957595
-0.0552579897362019
-0.0373667491737389
0.0135965643502318
0.0347625329847977
0.0574692595800346
0.081631606439656
0.107162243973145
0.133973581783289
0.161979543472762
0.191097134401861
0.221247756275516
0.252358228263028
0.284361481248814
0.317196899640205
0.350810293760265
0.385153495050602
0.420183575905849
0.455861705749973
0.49215166472895
0.529018045914812
0.566424185974078
0.60432987263616
0.642688884802015
0.681446427572483
0.720536529680961
0.759879474641161
0.799379339248831
0.838921713817606
0.908978541139925
0.946563158418723
0.982895277295799
1.01776859176226
1.05097044241463
1.0822826762008
1.11148272311168
1.13834489116013
1.16264187609727
1.18414647731337
1.2026335063637
1.21788186965751
1.22967680215685
1.23781222455822
1.24209319247194
1.24233840266521
1.23838271857797
1.23007967512754
1.21730392134878
1.19995355871431
1.1779523330766
1.15125163908111
1.11983229761752
1.08370606938228
1.04291687088698
0.997541663210691
0.978297851908322
0.922500191469771
0.861726848453466
0.796187243899162
0.726141047905244
0.651897425088161
0.573813528386483
0.492292235975891
0.407779139247451
0.320758803195769
0.231750333917307
0.141302300981097
0.0499870749532262
-0.0416053479113053
-0.132873951084345
-0.223213641090179
-0.312022428507263
-0.398708739987416
-0.482698749966027
-0.563443617942089
-0.640426516367166
-0.71316933534471
-0.781238953515692
-0.844252969666262
-0.901884796673815
-0.95386802830929
-1.03060686351348
-1.06913553469388
-1.10078635511818
-1.12555897549357
-1.14354020122993
-1.15490345729218
-1.15990689615742
-1.15889015168607
-1.15226976484931
-1.14053333038308
-1.12423243614552
-1.10397448882622
-1.08041354028515
-1.05424024779834
-1.02617111849071
-0.99693720290966
-0.967272414740793
-0.937901662834985
-0.909528987802068
-0.882825898278109
-0.858420101497496
-0.836884818961911
-0.818728870820607
-0.804387702145266
-0.794215510742685
-0.788478619700984
-0.7567433552529
-0.730496503836021
-0.741109630366471
-0.757805268858228
-0.780282966429287
-0.808116372933632
-0.84075930211313
-0.877553821094513
-0.917740255248525
-0.96046896366676
-1.00481371084265
-1.04978643306816
-1.09435317403969
-1.13745094362095
-1.1780052369984
-1.21494793888588
-1.24723532922358
-1.2738659031346
-1.29389771884001
-1.30646499280206
-1.31079367150315
-1.30621572383355
-1.29218191684215
-1.26827286031481
-1.23420813193509
-1.18985332423788
-1.10461802321031
-1.01008259747823
-0.937964944571889
-0.858085131958295
-0.770985904153532
-0.677320302724431
-0.577844443452263
-0.473408688110202
-0.364947338136782
-0.253467001746159
-0.140033807795162
-0.0257596586499479
0.0882122699657544
0.200722561874527
0.310610897215632
0.416731459387309
0.517968177546039
0.613249573025251
0.701562984851822
0.781967960065942
0.853608608596263
0.915724739753877
0.96766161767496
1.0088781959013
1.03895371633433
1.05759258458925
1.09523432535344
1.05759258458925
1.03895371633433
1.0088781959013
0.96766161767496
0.915724739753877
0.853608608596263
0.781967960065942
0.701562984851822
0.613249573025251
0.517968177546039
0.416731459387309
0.310610897215632
0.200722561874527
0.0882122699657544
-0.0257596586499479
-0.140033807795162
-0.253467001746159
-0.364947338136782
-0.473408688110202
-0.577844443452263
-0.677320302724431
-0.770985904153532
-0.858085131958295
-0.937964944571889
-1.01008259747823
-1.10461802321031
-1.18985332423788
-1.23420813193509
-1.26827286031481
-1.29218191684215
-1.30621572383355
-1.31079367150315
-1.30646499280206
-1.29389771884001
-1.2738659031346
-1.24723532922358
-1.21494793888588
-1.1780052369984
-1.13745094362095
-1.09435317403969
-1.04978643306816
-1.00481371084265
-0.96046896366676
-0.917740255248525
-0.877553821094513
-0.840759302113131
-0.808116372933632
-0.780282966429287
-0.757805268858228
-0.741109630366471
-0.730496503836021
-0.69552962822595
-0.730496503836021
-0.741109630366471
-0.757805268858228
-0.780282966429287
-0.808116372933632
-0.84075930211313
-0.877553821094513
-0.917740255248525
-0.96046896366676
-1.00481371084265
-1.04978643306816
-1.09435317403969
-1.13745094362095
-1.1780052369984
-1.21494793888588
-1.24723532922358
-1.2738659031346
-1.29389771884001
-1.30646499280206
-1.31079367150315
-1.30621572383355
-1.29218191684215
-1.26827286031481
-1.23420813193509
-1.18985332423788
-1.10461802321031
-1.01008259747823
-0.937964944571889
-0.858085131958295
-0.770985904153532
-0.677320302724431
-0.577844443452263
-0.473408688110202
-0.364947338136782
-0.253467001746159
-0.140033807795162
-0.0257596586499479
0.0882122699657544
0.200722561874527
0.310610897215632
0.416731459387309
0.517968177546039
0.613249573025251
0.701562984851822
0.781967960065942
0.853608608596263
0.915724739753877
0.96766161767496
1.0088781959013
1.03895371633433
1.05759258458925
1.09523432535344
1.05759258458925
1.03895371633433
1.0088781959013
0.96766161767496
0.915724739753877
0.853608608596263
0.781967960065942
0.701562984851822
0.613249573025251
0.517968177546039
0.416731459387309
0.310610897215632
0.200722561874527
0.0882122699657544
-0.0257596586499479
-0.140033807795162
-0.253467001746159
-0.364947338136782
-0.473408688110202
-0.577844443452263
-0.677320302724431
-0.770985904153532
-0.858085131958295
-0.937964944571889
-1.01008259747823
-1.10461802321031
-1.18985332423788
-1.23420813193509
-1.26827286031481
-1.29218191684215
-1.30621572383355
-1.31079367150315
-1.30646499280206
-1.29389771884001
-1.2738659031346
-1.24723532922358
-1.21494793888588
-1.1780052369984
-1.13745094362095
-1.09435317403969
-1.04978643306816
-1.00481371084265
-0.96046896366676
-0.917740255248525
-0.877553821094513
-0.840759302113131
-0.808116372933632
-0.780282966429287
-0.757805268858228
-0.741109630366471
-0.730496503836021
-0.7567433552529
-0.788478619700984
-0.794215510742685
-0.804387702145266
-0.818728870820606
-0.836884818961911
-0.858420101497496
-0.882825898278109
-0.909528987802068
-0.937901662834985
-0.967272414740793
-0.99693720290966
-1.02617111849071
-1.05424024779834
-1.08041354028515
-1.10397448882622
-1.12423243614552
-1.14053333038308
-1.15226976484931
-1.15889015168607
-1.15990689615742
-1.15490345729218
-1.14354020122993
-1.12555897549357
-1.10078635511818
-1.06913553469388
-1
-0.924876970376809
-0.875331856485708
-0.820961753022743
-0.762016001320032
-0.69878511233057
-0.631596116674983
-0.560807579350291
-0.486804383689255
-0.409992390403304
-0.330793076558191
-0.24963825616943
-0.166964978858838
-0.0832106958226107
0.00119122659659945
0.0858155759512662
0.170248887378279
0.254092516820009
0.336965162252105
0.418504815417895
0.498370140713619
0.576241291817473
0.651820190099136
0.724830301488543
0.79501596004501
0.862141296697771
0.895381976789693
0.9259477917275
0.985047386655787
1.04185316327099
1.09612439400511
1.14759982087004
1.19599776999577
1.24101696574256
1.28233807784824
1.319626019872
1.35253300101041
1.3807023165042
1.40377284465872
1.42138420131809
1.43318248582299
1.43882653640536
1.43799459798661
1.43039129179175
1.41575476439248
1.39386388404215
1.36454534472587
1.32768053343969
1.28321201400865
1.23114948137926
1.17157504384891
1.10464769713646
1.06121372702695
0.94734692379919
0.85764904813119
0.761953680424094
0.660790092932635
0.554776482211334
0.444618467490899
0.331105924177806
0.215108116699632
0.0975671281628645
-0.0205103813847501
-0.138063021568216
-0.253986022227993
-0.367143953519748
-0.476384649477871
-0.580554139605473
-0.67851236672595
-0.769149446608546
-0.851402206288972
-0.924270723998338
-0.986834584557627
-1.03826856026697
-1.07785742889586
-1.1050096474355
-1.11926961277502
-1.12032825826829
-1.07742489450984
-1.08481609582571
-1.04848092404429
-0.999419141549814
-0.93818561611714
-0.865491484119459
-0.782196135989178
-0.689296991642258
-0.587917206745806
-0.479291485199882
-0.364750204884866
-0.245702092026329
-0.123615703940024
-2.08166817117217e-17
0.123615703940025
0.245702092026329
0.364750204884866
0.479291485199882
0.587917206745806
0.689296991642258
0.782196135989178
0.865491484119459
0.93818561611714
0.999419141549814
1.04848092404429
1.08481609582571
1.07742489450984
1.12032825826829
1.11926961277502
1.1050096474355
1.07785742889586
1.03826856026697
0.986834584557627
0.924270723998338
0.851402206288972
0.769149446608546
0.67851236672595
0.580554139605473
0.476384649477871
0.367143953519748
0.253986022227993
0.138063021568216
0.02051038138475
-0.0975671281628645
-0.215108116699632
-0.331105924177806
-0.444618467490899
-0.554776482211334
-0.660790092932635
-0.761953680424094
-0.85764904813119
-0.94734692379919
-1.06121372702695
-1.10464769713646
-1.17157504384891
-1.23114948137926
-1.28321201400865
-1.32768053343969
-1.36454534472587
-1.39386388404215
-1.41575476439248
-1.43039129179175
-1.43799459798661
-1.43882653640536
-1.43318248582299
-1.42138420131809
-1.40377284465872
-1.38070231650421
-1.35253300101041
-1.319626019872
-1.28233807784824
-1.24101696574256
-1.19599776999577
-1.14759982087004
-1.09612439400511
-1.04185316327099
-0.985047386655787
-0.9259477917275
-0.834168249762743
-0.804159180832808
-0.741910079668796
-0.678247868201505
-0.613374285707816
-0.547472845789193
-0.480709341329253
-0.413232738234299
-0.345176429698562
-0.276659817651784
-0.207790183480136
-0.138664806109768
-0.0693732821455846
-2.08166817117217e-17
0.0693732821455846
0.138664806109768
0.207790183480136
0.276659817651784
0.345176429698562
0.413232738234299
0.480709341329253
0.547472845789193
0.613374285707816
0.678247868201505
0.741910079668796
0.804159180832808
0.834168249762743
0.9259477917275
0.985047386655787
1.04185316327099
1.09612439400511
1.14759982087004
1.19599776999577
1.24101696574256
1.28233807784824
1.319626019872
1.35253300101041
1.3807023165042
1.40377284465872
1.42138420131809
1.43318248582299
1.43882653640536
1.43799459798661
1.43039129179175
1.41575476439248
1.39386388404215
1.36454534472587
1.32768053343969
1.28321201400865
1.23114948137926
1.17157504384891
1.10464769713646
1.06121372702695
0.94734692379919
0.85764904813119
0.761953680424094
0.660790092932635
0.554776482211334
0.444618467490899
0.331105924177806
0.215108116699632
0.0975671281628645
-0.0205103813847501
-0.138063021568216
-0.253986022227993
-0.367143953519748
-0.476384649477871
-0.580554139605473
-0.67851236672595
-0.769149446608546
-0.851402206288972
-0.924270723998338
-0.986834584557627
-1.03826856026697
-1.07785742889586
-1.1050096474355
-1.11926961277502
-1.12032825826829
-1.07742489450984
-1.08481609582571
-1.04848092404429
-0.999419141549814
-0.93818561611714
-0.865491484119459
-0.782196135989178
-0.689296991642258
-0.587917206745806
-0.479291485199882
-0.364750204884866
-0.245702092026329
-0.123615703940024
-2.08166817117217e-17
0.123615703940025
0.245702092026329
0.364750204884866
0.479291485199882
0.587917206745806
0.689296991642258
0.782196135989178
0.865491484119459
0.93818561611714
0.999419141549814
1.04848092404429
1.08481609582571
1.07742489450984
1.12032825826829
1.11926961277502
1.1050096474355
1.07785742889586
1.03826856026697
0.986834584557627
0.924270723998338
0.851402206288972
0.769149446608546
0.67851236672595
0.580554139605473
0.476384649477871
0.367143953519748
0.253986022227993
0.138063021568216
0.02051038138475
-0.0975671281628645
-0.215108116699632
-0.331105924177806
-0.444618467490899
-0.554776482211334
-0.660790092932635
-0.761953680424094
-0.85764904813119
-0.94734692379919
-1
-1.0466655812715
-1.1184691634727
-1.18456704809222
-1.24476610961733
-1.29891208741141
-1.3468845453415
-1.38859180685855
-1.42396603183894
-1.45295859262352
-1.47553589408846
-1.49167576656387
-1.50136454137198
-1.5045948971407
-1.50136454137198
-1.49167576656387
-1.47553589408846
-1.45295859262352
-1.42396603183894
-1.38859180685855
-1.3468845453415
-1.29891208741141
-1.24476610961733
-1.18456704809222
-1.1184691634727
-1.0466655812715
-0.969393136486525
-0.918355865866709
-0.831096107943083
-0.738662463780576
-0.641567140736976
-0.540392259197194
-0.435788067798716
-0.328469885586008
-0.21921375042286
-0.108850778578752
0.00173973333382188
0.111638406488965
0.2198949944535
0.325538605608443
0.427588801121244
0.525067414575642
0.617010920186923
0.702483160232786
0.780588229293626
0.850483303440342
0.911391196884762
0.962612426996286
1.00353657108975
1.03365270502488
1.05255872436657
1.05996936349629
1.05572274641816
1.07120434020748
1.04371732018931
1.00414866872556
0.95292361689605
0.890608111936668
0.81790237229272
0.7356324758541
0.644740095798814
0.546270529112566
0.441359191215452
0.331216775706819
0.217113300577828
0.100361280937264
-0.0177017169871351
-0.135730875338138
-0.252392006340014
-0.36637924347302
-0.476432272441294
-0.58135283987623
-0.680020289720721
-0.771405893421945
-0.854585760135336
-0.928752136754055
-0.99322293430809
-1.04744934665197
-1.09102145886008
-1.15509079125308
-1.17673887235506
-1.18664125387516
-1.185019672869
-1.17224214205026
-1.14881412803039
-1.1153678584002
-1.07264996256449
-1.02150767487157
-0.962873847974764
-0.897751039245678
-0.827194943238135
-0.752297448570351
-0.674169598133842
-0.593924727318189
-0.5126620461137
-0.431450917751948
-0.351316069274447
-0.273223948458353
-0.198070417311116
-0.126669945361149
-0.0597464367483258
0.00207420578293308
0.0582697088823596
0.108425209981584
0.152235185887025
0.158084538717739
0.188679766553114
0.213380889616998
0.23224157159402
0.245397857238891
0.253062621614187
0.25551899288202
0.253112888295205
0.246244814478381
0.235361091622907
0.220944666747852
0.203505683666143
0.183571976759874
0.161679652186789
0.138363913838992
0.114150282432443
0.0895463447444598
0.0650341564994651
0.0410634070282461
0.0180454369191771
-0.00365181821107012
-0.0237079036124095
-0.0418529061112946
-0.0578694842311971
-0.0715938714831911
-0.0829158751186285
-0.0603588947720003
-0.0667108884084561
-0.0713569424106191
-0.074320857806108
-0.0756561332706883
-0.0754433876728648
-0.0737874205579961
-0.0708139769953466
-0.0666662863757598
-0.0615014465390277
-0.0554867250298309
-0.0487958483566267
-0.0416053479113053
-0.0340910277744926
-0.0264246150792509
-0.0187706480509282
-0.0112836504158876
-0.00410563372322847
0.00263603859179811
0.00883039969218268
0.0143842230141396
0.0192229521956598
0.0232912166435187
0.0265529401881069
0.0289910579324812
0.030606863513475
0
0
0
0
0
0
0
0
0
0
0
0
0
0
0
0
0
0
0
0
0
0
0
0
0
